1000 1000
1 2
2 3
3 4
4 5
5 6
6 7
7 8
8 9
9 10
10 11
11 12
12 13
13 14
14 15
15 16
16 17
17 18
18 19
19 20
20 21
21 22
22 23
23 24
24 25
25 26
26 27
27 28
28 29
29 30
30 31
31 32
32 33
33 34
34 35
35 36
36 37
37 38
38 39
39 40
40 41
41 42
42 43
43 44
44 45
45 46
46 47
47 48
48 49
49 50
50 51
51 52
52 53
53 54
54 55
55 56
56 57
57 58
58 59
59 60
60 61
61 62
62 63
63 64
64 65
65 66
66 67
67 68
68 69
69 70
70 71
71 72
72 73
73 74
74 75
75 76
76 77
77 78
78 79
79 80
80 81
81 82
82 83
83 84
84 85
85 86
86 87
87 88
88 89
89 90
90 91
91 92
92 93
93 94
94 95
95 96
96 97
97 98
98 99
99 100
100 101
101 102
102 103
103 104
104 105
105 106
106 107
107 108
108 109
109 110
110 111
111 112
112 113
113 114
114 115
115 116
116 117
117 118
118 119
119 120
120 121
121 122
122 123
123 124
124 125
125 126
126 127
127 128
128 129
129 130
130 131
131 132
132 133
133 134
134 135
135 136
136 137
137 138
138 139
139 140
140 141
141 142
142 143
143 144
144 145
145 146
146 147
147 148
148 149
149 150
150 151
151 152
152 153
153 154
154 155
155 156
156 157
157 158
158 159
159 160
160 161
161 162
162 163
163 164
164 165
165 166
166 167
167 168
168 169
169 170
170 171
171 172
172 173
173 174
174 175
175 176
176 177
177 178
178 179
179 180
180 181
181 182
182 183
183 184
184 185
185 186
186 187
187 188
188 189
189 190
190 191
191 192
192 193
193 194
194 195
195 196
196 197
197 198
198 199
199 200
200 201
201 202
202 203
203 204
204 205
205 206
206 207
207 208
208 209
209 210
210 211
211 212
212 213
213 214
214 215
215 216
216 217
217 218
218 219
219 220
220 221
221 222
222 223
223 224
224 225
225 226
226 227
227 228
228 229
229 230
230 231
231 232
232 233
233 234
234 235
235 236
236 237
237 238
238 239
239 240
240 241
241 242
242 243
243 244
244 245
245 246
246 247
247 248
248 249
249 250
250 251
251 252
252 253
253 254
254 255
255 256
256 257
257 258
258 259
259 260
260 261
261 262
262 263
263 264
264 265
265 266
266 267
267 268
268 269
269 270
270 271
271 272
272 273
273 274
274 275
275 276
276 277
277 278
278 279
279 280
280 281
281 282
282 283
283 284
284 285
285 286
286 287
287 288
288 289
289 290
290 291
291 292
292 293
293 294
294 295
295 296
296 297
297 298
298 299
299 300
300 301
301 302
302 303
303 304
304 305
305 306
306 307
307 308
308 309
309 310
310 311
311 312
312 313
313 314
314 315
315 316
316 317
317 318
318 319
319 320
320 321
321 322
322 323
323 324
324 325
325 326
326 327
327 328
328 329
329 330
330 331
331 332
332 333
333 334
334 335
335 336
336 337
337 338
338 339
339 340
340 341
341 342
342 343
343 344
344 345
345 346
346 347
347 348
348 349
349 350
350 351
351 352
352 353
353 354
354 355
355 356
356 357
357 358
358 359
359 360
360 361
361 362
362 363
363 364
364 365
365 366
366 367
367 368
368 369
369 370
370 371
371 372
372 373
373 374
374 375
375 376
376 377
377 378
378 379
379 380
380 381
381 382
382 383
383 384
384 385
385 386
386 387
387 388
388 389
389 390
390 391
391 392
392 393
393 394
394 395
395 396
396 397
397 398
398 399
399 400
400 401
401 402
402 403
403 404
404 405
405 406
406 407
407 408
408 409
409 410
410 411
411 412
412 413
413 414
414 415
415 416
416 417
417 418
418 419
419 420
420 421
421 422
422 423
423 424
424 425
425 426
426 427
427 428
428 429
429 430
430 431
431 432
432 433
433 434
434 435
435 436
436 437
437 438
438 439
439 440
440 441
441 442
442 443
443 444
444 445
445 446
446 447
447 448
448 449
449 450
450 451
451 452
452 453
453 454
454 455
455 456
456 457
457 458
458 459
459 460
460 461
461 462
462 463
463 464
464 465
465 466
466 467
467 468
468 469
469 470
470 471
471 472
472 473
473 474
474 475
475 476
476 477
477 478
478 479
479 480
480 481
481 482
482 483
483 484
484 485
485 486
486 487
487 488
488 489
489 490
490 491
491 492
492 493
493 494
494 495
495 496
496 497
497 498
498 499
499 500
500 501
501 502
502 503
503 504
504 505
505 506
506 507
507 508
508 509
509 510
510 511
511 512
512 513
513 514
514 515
515 516
516 517
517 518
518 519
519 520
520 521
521 522
522 523
523 524
524 525
525 526
526 527
527 528
528 529
529 530
530 531
531 532
532 533
533 534
534 535
535 536
536 537
537 538
538 539
539 540
540 541
541 542
542 543
543 544
544 545
545 546
546 547
547 548
548 549
549 550
550 551
551 552
552 553
553 554
554 555
555 556
556 557
557 558
558 559
559 560
560 561
561 562
562 563
563 564
564 565
565 566
566 567
567 568
568 569
569 570
570 571
571 572
572 573
573 574
574 575
575 576
576 577
577 578
578 579
579 580
580 581
581 582
582 583
583 584
584 585
585 586
586 587
587 588
588 589
589 590
590 591
591 592
592 593
593 594
594 595
595 596
596 597
597 598
598 599
599 600
600 601
601 602
602 603
603 604
604 605
605 606
606 607
607 608
608 609
609 610
610 611
611 612
612 613
613 614
614 615
615 616
616 617
617 618
618 619
619 620
620 621
621 622
622 623
623 624
624 625
625 626
626 627
627 628
628 629
629 630
630 631
631 632
632 633
633 634
634 635
635 636
636 637
637 638
638 639
639 640
640 641
641 642
642 643
643 644
644 645
645 646
646 647
647 648
648 649
649 650
650 651
651 652
652 653
653 654
654 655
655 656
656 657
657 658
658 659
659 660
660 661
661 662
662 663
663 664
664 665
665 666
666 667
667 668
668 669
669 670
670 671
671 672
672 673
673 674
674 675
675 676
676 677
677 678
678 679
679 680
680 681
681 682
682 683
683 684
684 685
685 686
686 687
687 688
688 689
689 690
690 691
691 692
692 693
693 694
694 695
695 696
696 697
697 698
698 699
699 700
700 701
701 702
702 703
703 704
704 705
705 706
706 707
707 708
708 709
709 710
710 711
711 712
712 713
713 714
714 715
715 716
716 717
717 718
718 719
719 720
720 721
721 722
722 723
723 724
724 725
725 726
726 727
727 728
728 729
729 730
730 731
731 732
732 733
733 734
734 735
735 736
736 737
737 738
738 739
739 740
740 741
741 742
742 743
743 744
744 745
745 746
746 747
747 748
748 749
749 750
750 751
751 752
752 753
753 754
754 755
755 756
756 757
757 758
758 759
759 760
760 761
761 762
762 763
763 764
764 765
765 766
766 767
767 768
768 769
769 770
770 771
771 772
772 773
773 774
774 775
775 776
776 777
777 778
778 779
779 780
780 781
781 782
782 783
783 784
784 785
785 786
786 787
787 788
788 789
789 790
790 791
791 792
792 793
793 794
794 795
795 796
796 797
797 798
798 799
799 800
800 801
801 802
802 803
803 804
804 805
805 806
806 807
807 808
808 809
809 810
810 811
811 812
812 813
813 814
814 815
815 816
816 817
817 818
818 819
819 820
820 821
821 822
822 823
823 824
824 825
825 826
826 827
827 828
828 829
829 830
830 831
831 832
832 833
833 834
834 835
835 836
836 837
837 838
838 839
839 840
840 841
841 842
842 843
843 844
844 845
845 846
846 847
847 848
848 849
849 850
850 851
851 852
852 853
853 854
854 855
855 856
856 857
857 858
858 859
859 860
860 861
861 862
862 863
863 864
864 865
865 866
866 867
867 868
868 869
869 870
870 871
871 872
872 873
873 874
874 875
875 876
876 877
877 878
878 879
879 880
880 881
881 882
882 883
883 884
884 885
885 886
886 887
887 888
888 889
889 890
890 891
891 892
892 893
893 894
894 895
895 896
896 897
897 898
898 899
899 900
900 901
901 902
902 903
903 904
904 905
905 906
906 907
907 908
908 909
909 910
910 911
911 912
912 913
913 914
914 915
915 916
916 917
917 918
918 919
919 920
920 921
921 922
922 923
923 924
924 925
925 926
926 927
927 928
928 929
929 930
930 931
931 932
932 933
933 934
934 935
935 936
936 937
937 938
938 939
939 940
940 941
941 942
942 943
943 944
944 945
945 946
946 947
947 948
948 949
949 950
950 951
951 952
952 953
953 954
954 955
955 956
956 957
957 958
958 959
959 960
960 961
961 962
962 963
963 964
964 965
965 966
966 967
967 968
968 969
969 970
970 971
971 972
972 973
973 974
974 975
975 976
976 977
977 978
978 979
979 980
980 981
981 982
982 983
983 984
984 985
985 986
986 987
987 988
988 989
989 990
990 991
991 992
992 993
993 994
994 995
995 996
996 997
997 998
998 999
999 1000
269 686
324 561
428 256
974 656
776 462
558 919
922 17
651 768
825 349
759 370
114 21
616 666
420 139
195 691
916 303
274 3
251 738
895 390
5 714
673 662
98 424
791 835
954 273
386 216
245 595
944 558
938 144
862 77
385 215
182 200
977 265
730 304
454 994
751 236
230 897
109 256
883 865
838 187
806 904
109 509
402 48
186 465
14 429
27 247
319 118
268 541
694 967
338 439
829 934
172 293
560 164
91 972
410 295
428 519
661 782
20 704
318 829
315 249
680 289
428 712
416 302
580 683
817 719
961 776
625 701
773 528
516 149
451 812
247 579
393 760
535 587
646 784
235 177
806 689
639 807
644 401
779 808
959 209
396 498
720 145
537 865
651 453
680 450
276 399
570 933
740 77
508 431
700 661
840 454
305 566
427 638
808 937
32 795
812 175
77 856
991 308
12 576
237 661
542 940
679 822
379 460
350 255
260 233
989 176
36 138
332 514
876 101
779 336
943 545
260 254
574 777
941 952
180 876
372 287
348 227
563 328
818 618
510 317
839 114
810 863
713 294
49 940
954 789
203 846
800 456
527 893
197 517
530 926
384 155
839 11
484 118
857 397
479 749
685 135
821 930
250 653
902 874
789 564
693 798
520 108
339 49
12 388
860 67
975 541
416 158
991 594
628 231
208 597
474 782
210 125
918 41
886 471
691 486
530 883
958 960
428 225
208 964
524 276
538 157
748 269
588 284
660 570
830 612
129 265
595 69
62 16
139 311
622 335
544 785
120 8
211 611
412 461
807 425
974 171
807 17
113 742
588 287
13 326
969 350
315 360
314 10
392 311
626 339
81 260
445 85
351 60
981 518
451 241
521 312
451 772
306 615
356 57
624 269
163 483
989 733
791 306
856 428
225 362
53 462
448 423
58 816
118 701
165 26
78 684
412 624
450 316
813 425
792 469
352 455
861 515
202 320
605 920
659 964
993 530
458 753
930 158
495 763
261 213
721 679
856 375
226 178
340 821
863 118
755 931
876 725
964 205
984 177
292 249
845 682
303 22
483 785
224 267
388 598
725 116
675 757
63 520
993 982
432 382
664 405
838 554
516 7
271 114
311 566
181 965
748 230
868 590
62 873
585 942
514 808
630 776
185 44
307 25
659 92
143 640
185 967
424 146
577 420
223 880
455 256
159 437
458 608
807 995
501 600
758 838
631 843
735 571
477 291
221 258
846 220
297 313
528 988
921 675
273 134
667 922
592 55
299 496
205 704
417 380
935 981
815 3
484 661
209 493
838 60
925 977
468 197
357 899
862 388
995 574
342 739
556 733
427 435
304 134
975 293
865 129
563 73
315 717
266 415
91 540
924 341
98 640
348 440
732 206
187 822
867 666
198 644
554 123
262 675
63 736
735 736
496 707
187 900
306 653
847 841
598 794
455 863
141 862
525 21
933 585
104 452
484 471
939 448
428 907
770 256
792 685
597 513
758 889
206 758
933 642
621 563
585 110
518 393
549 724
257 364
113 468
43 172
348 438
179 265
355 517
920 931
962 221
193 992
274 995
852 143
60 516
123 20
549 193
731 669
539 697
247 477
367 831
270 383
987 710
984 933
918 626
46 417
302 816
835 125
845 889
653 590
110 963
408 614
394 753
845 393
119 717
951 560
664 195
647 685
954 823
329 574
574 521
14 709
331 103
819 519
606 516
273 836
764 136
446 23
431 585
445 310
320 880
737 92
612 159
336 253
289 545
710 962
722 266
359 766
594 409
889 135
870 363
440 121
190 115
956 816
77 22
177 364
198 211
957 746
226 99
400 393
591 501
535 994
867 470
376 515
658 455
237 285
892 695
483 189
419 674
106 216
459 482
290 771
66 661
412 10
930 703
894 519
717 82
731 917
689 820
731 693
116 192
271 169
497 390
24 520
899 751
512 33
578 924
864 715
28 879
652 28
789 972
316 944
82 305
372 869
507 780
687 236
583 196
383 571
989 570
592 329
175 673
6 193
537 316
812 651
211 439
374 527
507 450
921 20
823 113
818 336
282 894
340 816
932 507
414 698
471 971
476 337
815 537
636 746
921 11
644 4
768 847
795 125
196 759
333 835
868 146
35 391
149 19
314 609
59 862
650 576
63 567
98 1000
106 525
666 90
650 600
938 934
106 999
41 788
606 69
8 980
936 972
816 66
581 18
673 294
419 620
364 883
686 952
716 510
897 591
808 49
51 755
868 105
426 789
762 605
668 555
234 248
3 856
329 905
529 836
705 521
957 373
509 116
204 958
416 563
827 775
759 729
396 461
444 453
184 971
516 552
412 777
131 703
839 453
726 643
50 264
370 208
408 874
20 194
120 799
584 591
257 884
125 424
526 245
40 345
395 529
849 956
47 304
419 913
697 115
912 602
839 334
692 244
765 802
48 855
347 933
507 761
875 582
268 16
761 947
794 191
796 373
751 267
956 247
651 414
627 891
701 452
769 158
991 252
43 765
195 257
669 127
768 746
856 997
762 735
524 952
745 597
682 41
664 515
91 567
673 246
469 756
127 290
584 161
956 130
819 67
508 377
813 998
785 954
169 954
633 238
648 955
765 980
373 837
779 157
886 230
6 952
87 310
436 259
203 310
873 740
157 405
787 79
611 169
805 529
37 436
351 228
605 964
22 187
447 151
736 1
642 286
163 277
296 690
630 929
419 885
864 451
376 939
743 347
304 344
212 886
477 587
374 67
506 763
284 572
270 377
87 671
770 95
558 5
544 351
84 450
431 711
343 367
125 755
610 285
540 772
918 643
528 247
837 233
175 985
687 989
698 66
672 982
156 791
673 888
232 981
229 864
848 923
96 328
539 871
995 580
374 11
203 918
487 721
627 559
237 269
663 800
148 163
243 336
256 360
50 182
552 733
643 793
685 969
505 445
779 462
563 346
503 167
179 104
905 937
314 997
796 336
244 331
60 842
768 715
239 794
835 110
951 846
885 518
295 842
252 800
796 400
120 277
494 656
255 793
431 53
681 619
827 984
62 646
361 441
431 528
377 163
539 169
438 96
963 670
510 845
384 439
799 486
691 421
92 205
741 849
897 855
496 616
179 23
814 83
308 224
400 999
117 85
970 591
276 347
869 3
265 594
781 451
251 447
820 716
449 86
478 871
998 590
207 302
876 573
794 944
108 614
988 775
316 255
536 808
986 696
811 851
905 713
387 892
945 940
428 985
356 115
443 196
614 435
478 339
581 833
363 807
66 499
561 90
165 146
476 828
880 398
909 975
413 443
513 553
393 547
721 867
477 189
906 896
955 492
189 280
134 547
18 678
973 927
864 758
337 773
632 322
293 638
36 719
182 799
769 500
898 318
52 659
654 979
973 315
482 795
205 261
712 771
781 141
646 643
394 788
840 768
140 236
585 62
510 779
11 342
899 995
557 157
294 777
364 5
882 997
454 304
300 73
203 337
46 214
156 550
861 4
625 235
270 16
141 712
636 274
573 479
941 343
721 734
230 221
730 564
403 989
381 906
771 862
366 390
36 648
137 480
427 349
748 895
359 847
833 556
399 374
947 858
536 280
767 811
395 878
45 495
439 381
799 185
827 890
602 922
806 2
474 730
699 889
442 11
575 881
860 25
997 669
390 743
156 350
327 916
7 758
248 950
421 923
501 117
658 774
486 931
246 733
81 986
37 342
347 392
686 541
679 175
615 336
262 407
874 528
592 431
265 219
377 393
687 176
607 143
674 250
699 499
843 641
126 867
712 477
974 620
525 220
2 62
118 670
98 969
824 600
10 974
817 510
952 369
332 668
724 397
961 942
96 713
917 190
104 218
982 718
12 897
754 583
564 366
353 857
843 557
743 12
54 552
758 999
295 661
124 894
949 874
593 825
942 46
84 115
464 745
318 145
21 199
943 260
893 232
847 663
544 380
200 21
452 638
170 637
203 902
591 624
473 563
857 229
909 209
632 658
982 615
640 117
200 44
882 619
542 196
650 514
962 725
593 850
723 863
580 34
350 803
397 128
209 618
257 904
4 762
841 25
921 461
852 419
461 498
805 70
319 256
953 416
192 120
924 461
180 787
500 380
48 316
270 879
628 118
976 651
948 505
127 929
105 306
538 956
285 472
703 451
55 574
700 498
507 478
256 548
854 666
123 756
249 9
3 621
691 72
416 925
332 623
507 585
79 334
266 982
864 655
471 876
143 773
283 543
355 182
21 81
874 149
855 594
848 459
290 65
382 415
496 536
157 307
59 179
483 193
53 105
725 46
767 191
926 102
310 153
287 232
714 226
320 115
89 445
309 553
820 733
12 243
512 410
830 61
160 397
908 460
897 823
109 189
150 749
845 40
605 582
263 404
897 959
831 836
897 519
345 27
722 39
846 884
280 365
864 702
859 433
507 638
711 518
127 941
476 869
827 459
672 671
653 555
265 922
71 281
336 838
236 858
114 208
475 59
297 799
947 357
730 445
456 391
160 391
532 468
201 145
825 927
767 916
998 316
810 794
729 577
676 547
205 637
254 432
980 647
41 1000
