1570 1643
824 673 113614609 42986807
415 117 343672482 334411949
613 1553 600304499 854782406
294 594 402747410 214381999
485 160 575291466 492317773
1169 823 140851571 954391914
462 1034 202683265 872058926
489 728 236777553 949149898
831 160 503196416 117375200
149 308 769468063 618114286
1263 57 507558846 682048667
878 1074 527393484 171484281
1397 1153 770815179 375222921
857 180 428976169 39784032
437 1078 715133985 33531728
504 1031 454067842 994954304
296 1530 526293994 750135947
1405 1061 70764480 242189328
940 1105 420389212 191629609
27 1209 581303233 767150324
544 1519 98968879 255267777
1524 268 7131432 756177318
676 632 483147484 910695796
653 1048 320696913 833064466
1408 582 455812034 37130479
135 459 812310336 349599478
411 1114 323254096 346213339
162 1386 419581522 491152083
1532 501 171401918 846874863
150 215 470839600 305737743
1320 1560 513117124 649581788
508 1024 64037172 154250402
1301 159 498157220 342276295
1127 135 825222805 497415430
1475 287 385357201 963857422
533 219 493354599 123097952
118 1337 541558769 155680470
923 311 539346147 621803816
383 8 127545567 974895247
631 1149 445832104 11146169
727 272 122961999 848929357
37 527 111741388 461025423
482 1174 585196224 588779158
562 1565 708323110 740804720
1348 347 119294314 279706877
387 638 191646717 158844869
1178 1474 71101977 779861713
127 738 318836692 256432620
1252 1295 292099233 290789765
1245 1149 385679660 257235091
735 247 29131279 536919475
72 1058 712673342 896724638
273 1127 759451431 931810860
555 37 677118588 104803871
413 1398 231589784 271190525
1495 648 788611961 727563436
620 1256 473022490 751564427
249 664 913079539 304101817
1409 1398 219128453 87945975
212 1082 964308084 43457390
1260 452 307751569 516397733
728 36 705248152 641340297
1410 1326 897802945 51855271
22 909 879256875 704230126
713 222 116713474 638919260
179 968 104804587 32104029
15 690 664078074 788180644
151 563 731247354 602967888
185 122 737549093 481863475
283 141 439164714 317857506
363 277 20550454 708206862
535 609 245575704 281024294
1035 1494 350981930 772216022
958 1516 366163518 157270602
1232 846 814350581 356918090
992 1278 449054943 323555042
274 1521 377838611 500615640
289 1151 697674744 593620794
1467 1185 913928511 313842611
214 152 268294210 895257842
362 1060 401771443 370252598
548 634 413489872 141330939
1349 1537 196180634 934932055
447 604 234876695 287318644
1414 177 752642520 190432789
1169 420 792092739 732461382
1294 155 154971151 476686365
305 879 634606694 976320795
84 18 874707411 397446344
463 316 127316771 873486711
540 1245 951135033 150269172
1387 1289 710713525 607749221
247 32 590366432 237560710
708 1387 540374896 837705758
181 707 128539969 18750735
1250 1385 855018595 500443558
400 416 866437034 834452685
217 690 72909965 361407786
790 72 148519025 876754526
482 615 177437476 431955999
385 780 183192848 128236629
669 299 270314711 661928483
1234 1468 982305567 406031078
1458 950 55564501 309324365
624 117 199990806 323314818
270 1227 262693958 249712857
730 444 158384279 179792911
317 208 993062870 815238606
935 719 50715963 247760499
721 702 254855334 403407178
462 660 973453312 377477450
634 1317 380143659 743183657
705 1534 336973137 241877246
514 409 68327680 988092128
164 1461 625835293 803419582
354 589 388958840 110471581
646 574 54574723 339537284
351 1490 854517617 522636267
573 1381 324367012 154064226
466 627 663531884 541581427
373 771 12913734 775266170
996 1378 175458068 619051049
1501 367 912420848 876496113
924 848 811692564 133869396
460 724 724547934 698368650
581 10 774449730 624821515
526 965 633853091 633719514
294 632 688407758 119871442
17 1263 958344963 174371061
513 363 486826116 74327445
1088 793 444537218 872844210
440 154 56726064 980618197
940 585 149697333 26906611
28 1118 533949485 442186753
1295 1164 105462279 137410986
1424 1124 113145895 96529711
155 403 355895296 398337790
1017 1200 730600878 94586843
330 1212 213869174 825179140
1556 512 81996671 489428240
980 702 261520095 455634155
893 627 579353622 515155026
23 1065 814652247 164256146
702 201 32308196 323759917
1375 1029 123227643 893727626
368 1568 995391040 148162524
329 738 418592841 530531118
618 601 888586873 732847772
121 237 320502200 509017304
71 312 243947941 470984347
1355 1214 273158417 435573911
65 19 159406156 220473147
1464 1342 315264442 144792086
956 227 218319440 598672548
1002 885 45590454 411351721
353 997 463749521 250370085
192 1069 478163333 633447330
1153 618 223239441 620121129
357 1425 485738882 77674662
73 368 914164073 236819469
1283 185 965068002 993534208
1007 19 882838838 296627337
219 633 539328685 762813204
311 1214 588099987 832367315
1551 672 419330425 216986194
182 323 922659522 945322873
717 1115 256119051 76497408
348 960 767432441 697432644
64 1103 463358674 807044668
329 850 373297778 510761599
603 837 880135907 362114068
395 394 610716948 294414967
465 1254 245676575 244815781
528 1084 966638415 44116687
67 1076 475781140 58959053
1136 1300 461719440 483622649
204 1550 296725958 441079260
288 863 702773449 108185397
63 1361 375965617 13021346
202 646 178706487 276679147
1447 28 339780727 151773290
247 599 296683775 933793827
1465 1305 513394427 298001966
18 1540 36309484 739077153
254 1454 218755964 179334349
915 1330 764053823 383066654
463 1138 142812046 833027970
1560 1380 355396911 408312243
1189 1501 857132528 992668919
846 1428 715194287 113919553
29 1280 7744112 985774710
451 1328 943171950 251604150
861 676 738533925 895795419
174 993 676489703 986178613
455 1458 119361047 670666007
715 1076 637262899 967508773
716 462 592332544 649578459
379 1176 88830432 945242013
1390 1322 210503361 736559047
334 604 583080464 338882703
195 1267 176803746 73369929
349 941 114691905 902999149
397 810 696831945 930549100
486 1271 808386010 996775756
650 87 553124965 687236701
1569 992 409226137 219625881
1102 400 936275286 12538624
208 1030 116474221 601319844
1544 537 864704804 206298591
146 1140 766961086 928727223
299 1144 799804885 10834779
565 294 653296052 982814038
981 311 802731521 108526509
764 1460 78085644 490275111
1079 1492 248974559 918605694
236 457 716226451 327333889
110 724 759988237 252054774
521 261 771533065 326911646
425 821 55875385 611203702
807 263 199404015 899021080
1414 197 282980455 715502648
553 1359 307687057 894270614
202 37 24390449 850615801
764 187 214748694 290857905
1267 1163 746273910 496771878
694 1105 737154386 603135641
30 184 897520376 296003302
246 845 8333940 648561864
1554 679 343543458 230884430
855 600 246685187 352580396
602 1534 135227424 618815166
345 560 293569121 847810591
1317 125 128858138 912482070
545 918 887098159 850164694
1278 13 250093565 295424487
1274 745 718781971 470971297
718 777 563535438 436199512
128 205 46613147 784875482
1011 635 265879340 516207685
401 1266 272675091 856170281
262 550 241242125 155135937
771 1053 869427570 205594876
1416 1371 614671292 479342861
119 1072 146467977 415699413
258 289 904271660 441992329
734 698 480308327 439113758
1210 1138 9853508 767252055
711 1240 246583750 668934053
267 484 363043218 289006489
1040 456 108932586 175327424
1563 795 263953176 255934784
30 383 139185221 116872529
1057 1294 830133679 223094324
1118 1555 575157803 275225914
614 486 766568445 958313587
428 1450 2411368 92706171
714 1533 996996191 428521272
586 822 557257913 922117325
208 1501 528623198 718629320
639 531 825340066 668245649
963 420 397636791 240705458
369 216 517343672 826383252
491 1296 123482734 991885471
605 1277 289118554 267056008
944 568 90457455 868697272
205 1396 588161065 360933924
684 1384 410682172 782411797
897 987 627987162 863490156
376 533 812434925 488604831
301 1439 276305488 113455537
333 879 758270580 863074997
1055 758 916008945 821251977
337 220 304038560 184547609
439 1481 492224488 570658046
487 962 739499290 714279330
529 99 998500166 421617697
130 535 613664913 256631460
814 1519 74475760 992340093
1408 607 515198590 329734145
479 1178 498341831 448283838
420 608 8222542 667159101
38 788 991543514 282518803
659 250 8598933 668862511
498 474 886194954 507020766
1042 1540 476433045 326703122
830 77 693705743 373627742
723 182 891476167 814116253
350 83 229420971 263264006
651 157 819539104 441367637
78 65 673017714 513167715
638 1355 175981574 271522199
288 966 250796669 696928303
932 1409 193636021 970120441
1253 997 832961399 126205813
306 568 660517862 174674244
536 437 164930272 435041983
763 1077 41597254 559048320
664 497 30078073 528189846
1293 675 554800044 61307497
403 566 702242129 406113355
347 1505 38647207 990170788
641 378 421686935 386215307
317 57 650471686 177228103
766 203 114287795 805675539
744 711 714733313 703940317
922 672 118592905 475269628
1094 1240 240814029 796124071
135 72 581022133 321822845
108 1247 361927465 14881659
1282 753 896430835 59797339
938 13 617069730 973001498
1067 532 418224276 11668624
111 124 31025776 594481374
265 812 459323774 26869816
687 1269 450744724 493814114
948 4 139363442 981787559
781 475 236190300 881051026
1445 489 625501577 96245058
401 901 712437028 106370832
256 850 658422008 605752944
221 1020 20157155 899239004
160 420 94189694 451991103
1183 1212 153461467 992528834
1 1067 426052965 23359557
627 1365 190060700 791598078
235 993 93352278 99739711
315 1252 388407432 404235813
317 948 105176945 125622223
89 448 240878167 328702176
156 1028 870724808 337369990
747 731 997720959 151403567
355 1199 842261846 712011556
1126 1375 449851374 772188681
299 540 300076762 821996704
303 57 983207029 615296734
188 891 891502276 556730806
192 902 607758445 491389771
710 1222 481031988 249793383
144 251 451948611 425922431
162 1523 146921731 464490351
197 256 479551709 362924064
477 846 526511790 770947029
848 1068 670933510 676949491
857 1019 557115101 4907949
541 188 718032036 111779819
480 999 395965077 654710659
274 1216 378441020 90433849
126 117 158483605 665119153
281 1519 789473685 752791101
377 716 798056665 691507380
219 1189 29303406 302247954
144 692 804955422 343279908
1374 903 830284979 361279350
349 806 911016289 819693333
229 317 129290681 708638125
555 1292 151654079 84024098
856 1561 85390444 258309955
1077 1047 249106275 470168059
371 809 680951121 870649941
265 473 197683991 703974469
1520 1486 808150107 742712418
103 800 293669113 330830718
307 156 286894834 432090160
541 743 802191073 395028103
1226 1123 288778361 958627922
772 1258 778613252 825086888
698 340 856919880 56784142
890 1478 582798930 845119619
1527 839 496972459 345963601
129 354 255483881 369165390
855 1145 236911651 116639205
423 229 993594595 405931976
1153 483 763996477 722116542
691 688 231570410 569359675
369 314 848523269 24946802
975 1449 229273023 324940491
307 819 130644230 868113782
633 366 654069610 870859693
438 1029 117262606 500847688
1336 746 985383189 182970617
724 1232 299567697 543991800
97 473 72218544 890841709
343 1172 592426540 391843514
173 535 33940374 423829834
1144 241 456814606 443069235
140 420 480211379 502854954
79 973 89067405 123511611
263 806 489572223 709093605
738 736 77222096 983615004
314 224 805666058 680794951
848 16 584702810 167985994
1102 1053 513446629 507043230
137 18 413385756 745480053
214 135 150538377 387106574
499 1243 90662545 92216758
121 423 628709333 362389513
430 1434 881797934 583228512
1335 250 291905902 730709930
743 154 394626671 80947295
746 43 623024440 404070483
66 1239 253839555 39304258
229 901 715067157 887653294
969 905 434238911 995659395
598 2 586583089 747262065
670 869 891512302 648961028
344 843 134735461 52974456
344 1276 231479935 255585281
386 1459 48052891 174671357
235 1544 238921381 698620119
332 1034 502695940 542590342
60 1426 874316386 983987869
7 374 284591632 116874551
160 30 510806927 197327125
238 1124 315721956 84226195
489 633 655092762 690791739
918 723 828402476 706405551
909 1443 668186157 767083986
801 939 63709474 662777617
326 16 460267925 338126463
264 1265 917489973 383430116
530 55 450112263 459907942
629 285 741442309 784551736
1040 1428 106074014 401888132
509 306 218420602 423744406
535 1329 289097025 10175968
1299 690 288711296 958368797
549 48 249927643 876828637
1374 941 865092862 755782761
124 1328 524948171 299642876
1556 798 73444663 209776471
929 1161 877664691 224691769
873 104 655831541 120929709
461 892 408971924 534549093
262 938 839114835 764411187
1460 1319 974745898 756940700
942 912 284559805 294361344
387 1321 234637370 278710702
880 1259 374087592 416174983
304 105 323095195 59195124
748 1110 828559272 363665007
315 195 99951608 440002480
391 942 942048948 399173253
593 407 727111127 231403303
730 1150 362902629 459803840
167 1431 59387190 883720254
1334 1154 311661365 112775935
368 465 235468403 979754387
1511 371 490785269 165766228
945 1332 550150514 838519929
289 341 380291647 89013380
903 1204 135837087 754737628
22 795 718839458 261928353
324 293 373390141 104155782
1038 484 847739593 505080431
320 453 68815357 486994894
580 215 693110189 27301080
119 649 986477137 442273192
596 993 589006059 65517323
536 608 395503267 8167045
169 871 563013344 793079419
515 931 612202189 201410650
186 1366 345872387 559925894
96 1402 804570064 569469271
279 1250 749465655 110591947
178 1217 220022350 59734123
311 352 159452888 144331723
822 1044 144464029 645504941
578 296 178668152 812851462
1077 1528 218549999 127586380
112 271 650678112 615402238
267 432 727422391 56454722
889 933 735847021 583810885
585 915 122635471 300892439
109 496 869335277 289418068
364 692 120388447 406567912
711 615 901664297 999151358
703 791 557670969 529905121
181 790 312551586 629268385
153 1011 331252287 442705587
722 1173 602246483 544145884
737 355 158972499 880591599
10 1033 910744813 481548708
602 1401 214451119 22208078
308 385 623624800 826542021
842 847 8536288 66678059
420 603 896938174 100456568
688 271 937684321 956059311
317 559 163470673 22308879
736 785 125163020 306561978
101 1342 55473852 815386979
449 1311 274264265 599309808
210 1164 988399044 58846479
662 1320 805469969 653542563
1308 1360 338955384 642734343
1055 931 11929103 809947465
907 950 283682218 987713728
268 1024 725927621 428703678
582 1406 144815647 15804868
1390 134 737857919 726440378
1528 1480 726299163 3401692
47 311 732580939 328596894
604 947 889092290 326954878
1411 172 773642807 610934962
524 1059 85053280 227973755
506 755 751078168 952076144
625 738 111060262 198983176
54 661 806798063 962623101
673 630 507326489 986797574
723 885 256701118 466937828
1348 523 850564444 783528674
168 392 132057112 22178042
678 193 241482155 565272095
366 259 830796979 968719604
497 1091 550858323 995815617
345 712 221530143 488279079
739 452 937040489 411587663
1493 1474 443073342 64843190
218 232 121966817 306550194
138 350 148767561 866993067
519 399 355670152 79286221
677 152 389896130 316929307
56 155 839593517 662788429
140 403 214490743 144202320
1425 1552 39979790 636068949
827 544 648561791 5048148
329 212 672578367 842584645
290 765 125236282 894226765
208 507 541497538 244462426
1084 157 261239108 957308471
1387 867 29449848 811649773
283 353 448386646 497946468
708 264 316920165 876296369
1201 180 177285978 65537106
569 252 528049926 206924406
1048 644 146827727 589378927
1539 425 860653663 349788369
92 1420 870199227 751252689
700 46 565407533 733971921
1121 594 515315544 161998764
382 680 271267516 289869326
831 1227 273344018 479296329
979 878 526705528 326642187
1562 787 805816265 799333815
192 42 505116754 994098124
744 1363 695941392 406268422
702 1065 38783972 639624856
1320 427 422021579 825295356
287 1087 499451507 260747121
1254 1287 968949524 172393330
502 146 805194465 881177510
410 937 381765547 147697503
254 309 704723657 521883587
919 84 119296949 924852711
1116 897 45124901 836828426
418 1512 410759838 508922139
195 572 339106595 712390957
763 7 734720170 30852721
588 370 527479334 301425970
749 186 990906648 440778628
247 320 545828119 161339273
606 1224 773417997 273509692
1374 1379 801128865 222442066
560 1020 429673818 812904089
689 1011 982131433 266805744
734 439 968908757 32903639
413 1129 534572869 649092279
609 23 815139207 44430027
640 419 55123852 499967982
309 1564 64464249 105510274
350 117 939509515 269992826
205 1473 644699928 505797299
752 1078 350783604 288682704
431 150 567961310 847928140
193 863 316021275 304700781
553 258 491952049 938035195
372 779 825874435 62964252
1246 50 835865458 760324220
930 1295 93034396 27434067
1370 1057 234763488 513932569
1371 1038 415546393 63178195
312 1440 398076002 501076192
660 1224 702308081 42025712
284 998 471892491 27378245
34 1441 61760181 913072882
649 763 603079873 169315965
778 1149 850983700 132935247
927 497 497375518 159730473
187 990 649199401 308192479
1008 551 755421076 893380783
778 1167 165992077 358852505
1171 921 861893790 773905669
378 908 18765565 532159664
340 1438 315442303 572216556
779 1112 344387689 563344563
1317 1544 116472754 184067605
1433 1478 536448199 848662229
1471 427 98906123 852682691
681 1159 615511185 628567450
675 1442 135446361 778935120
596 713 320689125 763681074
1365 1433 999992855 582870798
970 1379 788061768 127535022
801 1341 8630708 102881017
201 1169 263282344 135141813
184 1511 823516054 449831224
463 271 865219699 294284759
663 680 467493305 445215146
1023 1280 392531457 558393825
568 523 291832036 502205490
878 213 733795107 694607220
403 728 701567059 829250260
298 1016 133894991 129654983
826 212 111694030 873377749
1065 1463 892830870 95982458
134 426 357639037 718330979
414 862 904631001 847448858
321 425 18846149 924292559
882 327 853765919 162663768
375 1289 107311665 533012224
763 800 944669885 138870999
759 1247 415775400 206669603
1425 1164 675234294 140175507
580 18 195613435 288828673
251 663 538559867 251716407
552 1159 389952628 411519546
637 196 114194959 254852386
297 1312 365558625 60551774
113 901 226413891 152068662
535 158 395389161 99732938
301 409 885972300 115391268
431 185 222474827 113362623
607 1461 907271006 719603195
325 298 992593047 904871093
512 72 717050185 259482805
630 993 356610453 868357167
559 993 558189469 129272806
89 874 721128572 978468533
531 35 214835100 953741277
768 807 444022691 314549487
1049 1505 705800001 467655252
691 740 409961082 592044554
34 1104 166598552 283774298
512 108 66218130 68181596
106 509 123088316 808080780
451 991 530606511 600604766
1213 549 667776325 63333778
1246 1332 845215521 201388547
199 431 271213787 94654417
351 1425 57754791 122753605
468 18 534954809 191086789
1168 913 320791130 234997294
693 1138 262662105 597266464
1165 356 323597747 151730404
694 479 44856547 170396962
470 797 468969349 226019977
2 936 256408883 597764768
1294 1507 799459846 344306137
1140 615 505342490 201817132
1378 1353 800937072 903165247
682 218 281361251 88205675
91 1530 404980338 233527327
618 326 315473412 228080675
46 870 790878278 547852342
1070 194 70618329 968011746
707 350 232017432 343869927
101 1248 260661615 804799211
162 1254 990748448 237142194
756 229 524880309 4050057
1285 1434 876177705 469503116
667 1476 184236572 132961210
84 1029 69559219 505849465
760 1096 655523328 686399310
646 554 207429472 785383862
260 586 638775694 476130202
753 1124 204950409 701045163
203 514 889060603 29521246
1450 551 287280941 787303579
4 1410 559445408 211778702
310 30 195785775 89323069
728 100 612482932 44359284
530 1283 484691155 891454642
93 1324 506419011 793472703
1417 238 198069187 461641618
1082 860 353665767 834408174
555 1266 130684477 699127034
897 809 644526685 759354965
1559 1124 15032799 600325060
176 1193 239379481 374855612
548 586 24747734 666981990
635 839 725718419 444272571
700 1263 206712244 701562281
77 604 279991301 691419681
1332 1248 313827530 410607131
587 1062 458463332 132989161
225 229 794419468 25551910
302 872 702160633 490642919
532 1262 364064510 216500941
649 871 743956658 804660143
685 581 102995471 373018880
626 1374 962634635 594741336
446 1529 339709079 760299724
126 991 797551284 384325807
561 239 222831499 971352357
464 1154 281864 110243699
178 141 274737753 536842091
268 1089 311207983 957948477
110 947 119988611 922288229
145 360 600778557 430221433
1015 540 152569656 529955187
323 338 927167725 330887148
631 955 882721641 988478661
583 245 432613271 393643029
567 121 709039866 875097702
990 777 162151303 115644909
684 431 51745144 252640244
1183 1030 362161910 19091140
299 871 105143456 431836201
588 1468 705530149 812863397
1211 823 311376299 662754283
481 69 741639981 999077104
268 1425 297775364 209947827
295 1568 34772053 461973539
1198 255 420778275 699060897
315 305 495591246 273680141
216 1145 603144954 872480855
494 1142 540239420 612296865
524 740 887630702 694601877
1001 1477 512843024 388280339
1002 1263 582071164 437242780
99 1333 268211446 915120579
1506 1380 556214090 536498247
1366 1131 260851711 179687445
623 925 343717782 581852830
1557 1197 302073045 541796740
206 111 954415748 169208230
518 1490 570168031 201023224
1302 153 105428611 163988651
15 733 160445836 669251839
816 625 69899591 450605029
1132 582 112885891 900851490
101 1318 687218733 315189265
269 733 267924336 786818632
1558 881 248642558 344031274
407 823 990766599 85669045
478 991 607208809 946612726
621 353 707014212 55381825
616 1408 940033405 90462636
505 484 21433898 326671330
291 623 182972737 144771597
469 978 250533523 275873445
1081 687 36253974 365466611
1516 1079 45358307 632331119
1066 93 504043748 254925530
1444 869 50564021 168054368
1356 1033 840549784 840138830
642 1002 799536970 907943167
1564 1112 730034291 403976286
567 1058 161297266 874324229
712 1260 846183016 525670727
223 1053 509656013 439774788
712 585 150394656 870911037
904 1136 709888707 882082697
1416 1429 394019554 164933973
614 1397 930178984 591818983
1431 893 363398698 467709406
408 1188 314600151 418194637
100 195 969873949 565486234
430 1533 90268713 632706379
1280 24 66952686 973578097
259 46 976302210 95524261
636 753 129231103 537018792
33 1464 716895431 979054026
680 826 219564361 164933419
819 1020 714032304 672583318
376 1330 704360218 320467587
538 495 146418019 72392757
154 1569 329828310 869070503
213 57 36351893 15867867
285 1502 169307524 145949318
386 1294 181408504 32418677
406 38 74438386 773037327
149 476 348969063 953717099
694 688 730636478 577906350
1291 1133 101643441 856086616
631 345 243647163 500022994
82 685 448212799 582115521
1558 1101 17266276 89258864
713 947 846135067 653696780
758 379 519134877 167541354
398 402 973329825 377829290
1007 1499 372036142 102403248
520 870 192738303 102842406
495 1002 748579156 378011647
1428 713 83996028 249006668
699 487 65236003 214210165
917 848 337373050 648425039
625 1201 70712736 280313070
364 1152 943738474 83648235
272 1041 110166678 897811274
608 1248 673474768 766911758
141 572 337266901 720923420
27 1235 274686981 423550512
237 1201 91842572 875239024
90 1041 154427547 161277667
1199 1263 482210324 510043975
1490 1313 458579808 90545860
404 1147 41685420 120995289
496 1514 740559540 217617407
226 715 631937019 927670006
171 1390 503375496 843953363
58 352 406579462 31859761
511 1503 504618650 939939148
1222 242 367236935 192917720
482 2 656684780 92064796
9 1307 207865359 293145411
973 1272 341376362 20582291
1446 1062 30732528 696608679
772 983 541921112 88071083
64 860 264957056 186979909
767 69 431298275 123952530
24 916 847145088 495204505
211 450 141183491 890467711
530 558 67723301 963712161
340 1002 766609280 345564841
108 436 334254119 378078625
285 1413 570469124 643262462
658 137 441747217 911050553
409 1280 429506391 42943310
30 466 451936117 4648760
784 754 299697194 297477259
322 1022 121803676 192278423
741 993 57573150 705865747
729 1516 146018868 458920651
644 503 498373969 519840251
1502 305 115096935 125449151
1544 169 574555612 276531001
765 352 574200165 901361804
358 117 296924090 276075106
897 277 367037272 31712961
438 693 737917977 53373537
503 81 41366975 571459785
238 330 123691480 741168417
773 748 47516827 417167393
212 1565 911494508 440310119
92 644 121552237 111916287
596 342 979683184 986378621
207 995 706812468 211261155
1097 1096 696608443 591084824
96 464 672198908 370808596
617 1135 255475988 98188289
801 140 649106227 843492321
519 906 456351240 461317152
713 113 323132945 868549278
1466 579 753810000 785583833
32 765 113381188 925739235
963 577 423242568 803316922
1018 951 429657956 363781634
300 911 836758831 484591742
362 55 654555322 933508738
1278 914 761765899 66037504
907 1318 844937987 615881130
122 82 851197837 433980760
125 316 232974066 265957646
428 1026 890324690 504132795
575 1319 263754561 360806002
950 1480 908656838 253783815
1366 351 309232353 358076752
436 838 944499144 16677568
604 1372 979470831 900242347
227 982 240779779 199546480
671 1174 850717605 474391920
347 1394 453939279 875616579
1045 690 945354667 571551361
317 1128 891573173 761895728
342 922 693510668 288497186
6 178 675112766 785381213
1171 1193 623894681 549146258
488 609 172978256 314929283
191 1204 764585514 125603790
1281 1472 5841811 833187354
591 433 842586613 259886697
499 757 104717809 262302772
58 670 928441330 9506977
850 1384 508593340 904325753
635 1361 493175892 214965578
359 1054 378941318 593684689
410 829 398433486 408403286
838 531 860684798 272818670
251 278 11921177 128506237
770 830 262027465 169268181
18 728 514632131 225407318
298 1561 60688102 470869540
448 1095 864783067 83007320
1055 973 492784136 913436663
208 93 642538609 953575454
668 494 49813260 902664574
537 527 38310401 793824851
14 151 304134382 631658851
1306 558 65627952 298938000
393 756 969307869 381800902
424 941 591209188 95935781
3 1209 135368028 230101401
455 1503 624318297 333059731
266 645 641651479 519592664
655 1429 285427629 399350426
705 1494 61639264 28862675
857 99 749568048 987804449
322 1255 694299661 508133989
153 962 114436618 973492144
719 558 356676072 751528868
80 197 525079717 954832365
373 1421 324039231 436258549
1492 1303 264158514 566329909
990 1409 59044299 353067507
903 1050 708711044 958355736
648 1009 752252185 848842326
109 485 786193961 711394624
117 611 226675022 964451308
475 1303 886030299 604451355
48 553 49851911 683296737
517 1379 6605520 141950208
39 99 765679613 50153052
935 125 151171196 546639092
621 985 33881813 419345646
105 594 120273826 752893323
3 394 219930699 697938609
453 1218 689019309 787054218
155 1367 994663853 218183568
674 574 919779044 708412669
1384 122 771147946 29670682
380 1201 557714352 351251168
600 1367 303462750 68697174
379 518 764417453 212056406
547 125 733737127 846356913
116 1239 752793633 62757197
687 794 335155689 657851760
402 1287 725691692 404360760
390 870 762042552 398172542
953 343 375933525 859179895
484 510 195859735 861104737
639 794 351755146 663666044
324 277 157592618 554939231
1489 1134 772794267 182502422
935 590 599793989 170834121
564 119 410509125 293740490
1347 92 173718627 232309469
995 188 925240591 58250217
163 160 185469680 282505617
473 48 356288829 422276684
757 1167 144262285 854840293
429 1456 143013477 98053115
1028 343 755320915 494053626
776 1467 333697313 478654059
911 1470 137553741 690193340
642 1276 896161803 506736078
385 970 678040763 41617152
161 1378 792790643 347377883
768 1546 165136897 297405555
120 105 258251811 851504676
365 379 225208518 270284768
657 1122 8355545 825501402
610 594 591803981 704961130
525 647 477742852 660282627
1117 866 556142242 980704801
1089 733 82663549 150769442
740 1052 827791077 192019788
546 347 255483126 730267000
4 1017 550539555 659461391
554 454 762747738 902605194
963 875 442087080 405836342
700 59 824492395 608667262
417 160 4595380 215927819
709 634 292114106 990530142
290 257 996028076 726100245
870 367 947998463 966027393
468 96 57295597 894359017
158 486 2725702 738761075
189 775 649568037 71669135
919 1538 415022890 777409804
456 974 85908151 442355580
780 815 669824536 932558826
341 95 740420614 71937411
400 439 590711421 898916049
803 228 597446633 874938016
1229 1123 980281200 381883817
350 267 509924172 290242628
257 1435 101011641 173708191
1026 166 301035855 824852783
522 488 409044168 236663265
456 1445 700658639 712591506
771 583 16299509 986517413
492 863 416656597 499438240
1064 1547 236641160 717381494
474 33 827828696 496057040
1351 1524 236296068 202434984
537 282 911758055 324150245
1437 335 685125827 700838084
750 1405 857074642 749631104
183 441 439756317 88128598
558 772 76872453 348594254
316 1097 19084688 914037816
374 827 679643636 224976284
63 422 680622830 696811449
94 559 51969390 286869567
62 1156 173914024 294829104
270 268 606659504 742506049
18 1433 950373326 54044019
1563 830 635513210 794672083
645 1302 59105563 330070091
406 1026 426008700 312177154
253 679 629768519 139115647
863 1106 114195078 867500081
346 1291 759909718 448738020
122 442 135483969 926029436
654 76 804642752 903707179
597 738 95616615 171446028
35 1526 863985383 595349283
1173 1340 737859803 742828977
14 880 72255815 474373268
606 960 808034326 718981930
961 685 237702935 748758962
352 600 113830 879376772
197 1448 118523919 69223101
1284 801 121375880 132568781
829 1448 215712225 821059460
1362 335 248754757 513117307
604 1514 562789073 116261512
811 1115 552182983 769181267
690 1486 998575990 824190445
258 836 595433748 462548522
368 1285 597340098 111171916
332 335 333587863 803074805
1460 669 951142593 43613345
427 113 491982031 989725702
774 1461 795363689 762102903
881 882 329134036 72513222
1046 407 745726197 416023379
229 1524 104195960 223634274
1519 515 78765757 706209595
29 505 448479853 159005894
57 1320 68189281 512691028
1511 328 499715091 544359326
77 316 50819536 97155759
709 1436 707215570 279412890
180 22 560590471 640732907
762 1314 320439231 908220270
582 986 412554619 172631397
1332 1155 194898225 766488919
1040 1225 706464194 316108226
691 1099 134348060 836171420
850 86 895494663 427974896
54 1338 751199618 302450325
556 115 161235726 545850356
962 1144 266767476 212206616
360 655 41928080 746412701
422 103 48888407 78954758
10 431 456009365 350635980
245 1391 755421290 534591497
502 704 438187245 154127070
508 1197 96139916 866685011
454 339 30009782 634157405
1290 511 550813837 301076342
521 583 697571516 669005196
792 178 720886458 914196069
416 420 3075336 276966931
21 1293 244036463 448245738
1247 156 890116635 611515841
643 1438 824212017 850947726
194 451 99051442 880447542
351 1349 217270572 358685808
381 1424 907918380 136551620
699 1042 789168004 103433144
576 1234 510244395 279178299
220 1465 950936852 425293613
5 1303 798606771 331515109
244 388 388513498 286023704
745 42 671543957 227924736
1092 370 626946444 621315827
766 1124 686373121 267144665
1209 389 119860639 319928520
793 589 129676907 317131769
1539 1196 964855706 769264987
138 1377 727538083 519800959
471 196 49173880 915894389
888 1438 20470495 155565034
734 1080 127897402 187511913
170 12 156205309 618771240
245 1457 146797110 768536051
735 138 763198315 974263373
695 1319 979978466 85739597
772 630 121817016 604083397
10 488 312901413 822169647
1298 963 320628730 977880872
55 927 691685190 568137603
230 409 906204930 853768415
683 1479 101062069 621536195
45 653 819755548 203972674
279 181 355229400 606182897
731 1323 197220688 507816870
692 470 54280001 222738731
594 210 201596394 958252001
572 18 126069130 983722648
324 1303 582452579 69335423
856 1285 128921176 296742650
1446 54 937272402 46073590
791 1221 695749547 265341425
459 1158 421306285 907825906
986 172 943296254 638520644
493 340 419010399 274147330
588 622 8148841 201728713
650 1524 506239515 248256061
399 898 780218709 948940964
248 425 290637550 342350151
827 1210 236606829 114005484
447 1568 663768391 969704328
53 1173 395285880 631816262
1437 617 941513826 592902768
137 512 77649076 442459033
527 270 282194932 605835940
169 134 671065510 954561114
1161 690 233280182 335436625
638 1128 718822522 763370525
1561 342 46597992 182858976
239 852 24172688 23381397
209 984 334534253 259309647
645 1505 458798752 740574637
148 486 470399197 409745323
978 888 322243901 129807791
95 1258 572192669 422746352
619 108 824572899 610931821
26 986 726003582 455774237
1194 1228 631928119 615423773
601 737 532252869 226331384
31 1172 143735638 93722255
500 373 823920235 559732490
666 608 756532965 362268255
756 810 473346212 181211028
847 1256 961753131 346362746
693 199 524408996 791754826
41 1200 31312540 75883460
418 1509 701307403 475565809
742 843 211641078 215986108
284 1337 270646609 187947513
962 701 614579367 325828753
487 1075 546218769 721112649
235 1072 783090042 294093074
235 195 368695538 681039494
147 161 771598513 676162755
507 746 103053739 653520094
162 100 154020661 772980281
423 306 404510467 280941056
574 1350 153982396 874905208
202 1017 387766583 734366488
339 333 80786833 249437259
243 752 255289949 380519295
1405 478 481885882 358066129
331 421 994743736 98801772
585 305 722427460 21244652
769 521 945643910 736364053
858 271 713344563 906355193
1258 1147 603505038 895708613
445 624 63069410 256615127
501 596 881462428 292804016
157 777 634167477 934335594
1458 75 269207960 220327510
506 85 569024370 279659562
893 1122 552014362 968991159
777 496 701089102 486415533
344 834 127567035 438855910
264 486 201230234 856029290
1149 586 35059549 38062535
253 387 770821078 762255671
201 1184 80989481 993877994
252 111 151529614 232373245
636 399 385024737 462120903
565 1242 339446499 25889402
219 1214 710525060 139992344
336 72 46736770 901652000
104 588 607934267 50965220
500 898 802375861 835157414
1494 667 20492535 789943152
1015 465 907217814 32836507
879 1155 37407395 586780019
449 1082 488454910 472996813
595 701 121437292 943491689
1449 1420 206756622 819107130
106 1155 722689238 627717934
123 741 56511075 897882437
1424 977 574484407 617946758
779 934 337856268 423259887
787 826 62663636 656350539
396 321 458795231 852929117
1030 379 920413586 71732557
474 1414 649388055 447427712
1546 480 984984255 728880277
222 428 558203578 423315742
261 860 252630715 58738615
837 405 211690306 185001976
1462 531 137639635 313346696
615 1457 855341579 895466377
61 958 432360795 939847080
640 79 868102933 266732050
714 830 603629089 713082844
1285 270 979982697 326679411
1033 430 375599798 233899576
665 901 904776930 801403482
907 923 373951883 554895805
40 1270 976081603 953821042
426 1194 894776272 845860433
765 1531 250087208 455759257
493 1372 322768591 117608672
183 1100 143131757 50051698
190 616 509406124 545472509
1016 1079 771260843 515222343
360 1176 879954607 505029437
241 1279 186039335 771197676
234 498 199361991 856510529
534 862 753880773 526799613
1136 410 715467303 765873906
776 1510 159427664 396847053
607 129 52403862 757010471
51 143 723929400 455095887
1004 72 732490264 436093690
284 746 960379316 74879112
1075 340 692320321 871073036
320 991 732071356 766509136
172 53 380188802 727632520
598 856 140404148 83179685
720 421 289335004 438453494
551 1283 749091097 695798672
613 1191 250824271 325183849
731 619 441396150 887347064
263 1163 438250557 223323613
840 609 219831300 105133895
458 544 783850299 205771215
1540 1027 508746729 368862221
299 227 538915780 823369101
702 1355 27249098 369614090
592 37 351100877 984918600
656 743 840093197 5869164
628 835 40374372 782378754
1136 530 758171608 38737252
1553 759 215671065 167935075
392 275 751805278 403693029
1434 9 115826394 347832561
767 1236 975970123 97588367
93 1099 132303260 335719922
552 207 611830483 118774943
92 623 76953915 686080969
662 1428 246236916 511744972
1011 1413 468102862 992472762
115 1124 415870894 570926869
59 760 256378661 724338739
187 1469 408880361 180988093
1101 805 61604348 974430065
399 1359 595719784 802530480
1080 1067 612811087 141097971
80 608 798904874 686057611
283 1472 111524764 229187622
589 1432 731626708 609106342
822 717 632334046 61762391
819 1134 350248832 539397209
1030 992 766816497 144082010
431 674 333682833 473057685
982 508 773470796 50672517
197 628 775069859 818911828
186 351 506337050 554867143
1221 421 257527125 925938407
655 552 644307559 7681479
783 1289 922129572 222749713
36 312 687956712 135756784
1243 589 984472586 258327326
419 1154 302403835 177972853
704 701 240242715 285741399
725 1285 44194729 230267946
338 1275 36711542 114811509
151 37 910693927 569997386
103 247 716709286 937434511
467 1309 42528389 856352081
936 323 419948726 521685482
638 54 894522154 709877228
315 1065 633848575 174506865
242 1304 626094641 861745630
1216 455 77405663 802716733
441 1475 4377988 266458932
523 1441 137275855 634588162
173 1024 22382583 124831995
1243 952 728881111 91281673
1157 875 14437417 16866835
1556 533 110014771 220666047
572 1014 620306719 276168887
31 1321 448298955 193673641
876 914 490732467 369855632
423 1291 917920911 190417881
1392 306 163097081 137619952
351 1168 83436810 351514654
1479 924 210141795 853841525
112 1329 239197266 140731366
661 515 500510709 82349788
748 302 670460734 453544118
434 745 474568489 229058119
419 867 210280708 937582371
457 1494 572320301 255668148
1208 1231 918071609 560450913
107 324 964149435 341803850
1374 620 605985504 887753868
177 332 265323752 671648909
198 897 3691364 256250204
256 1031 738671237 309784648
1196 1444 834251837 338391542
1326 596 163914882 548652080
861 1416 590231497 104880391
52 397 141231797 216476358
142 235 769936672 646371464
487 1175 474798379 829056254
367 196 968656693 307070398
554 574 708614061 301322984
49 325 391516617 823999696
563 516 896993463 477706627
420 1453 936376139 536686269
797 778 318683373 223490786
86 1138 399155006 487174008
91 914 714520955 65585355
861 82 770243608 379387969
726 1521 495150605 11243399
365 623 510780729 78224214
516 156 223045413 580126083
782 774 787246830 759227775
240 649 785373341 427939823
311 1102 662339005 157028302
1358 1523 94568278 883585822
632 1393 350321990 948830634
44 398 250657087 821801415
11 130 162002037 346781112
1152 1194 111223426 990776460
43 1398 314147063 520779081
582 1100 270318512 945676765
785 1192 664624904 765670482
590 1313 720932961 307632428
233 205 430698786 120641939
452 397 275700487 336100266
356 854 33396753 28750330
16 857 893267458 352481996
196 74 986346459 955769412
775 667 141169943 811770828
303 790 728617404 710083947
800 1325 344278416 73320144
225 553 397484432 652665278
453 578 423227788 651974699
435 507 650496266 792518626
1297 129 406810412 70754020
389 39 107376345 176519226
132 1367 377777186 720952088
429 651 373606042 285016369
131 90 322720164 62020551
145 657 463548356 305813139
1368 862 18873481 159787655
833 500 740297287 867302577
1461 49 959289983 867274354
352 1137 444626491 297976845
388 391 228678140 468721788
28 346 630115245 83735419
859 1104 279481144 329468651
19 327 721265192 344126313
1521 212 860151970 924529630
13 468 593166471 615788066
443 991 787863413 984907354
733 1055 470607814 599051037
807 1224 104089072 44046865
200 126 686393148 65079676
442 1399 5998247 957521823
280 1427 268908968 379407964
647 644 68860872 90604247
424 1261 60382444 523268819
198 244 874783426 410983467
962 254 784274901 757555280
626 1115 120202135 86941138
503 1379 47188214 164979224
636 990 251125545 216875719
1430 1129 37939114 788218438
457 1171 105550609 91547291
223 1568 685242784 910284462
686 1331 589679279 464375704
1217 1163 905790779 986710981
366 1447 596614181 46718071
428 810 186798449 931252505
319 643 833032952 656352834
332 28 830704699 909066484
370 942 286642517 727653689
153 1045 840142025 953851031
90 993 256473228 259300953
870 677 346016104 647178897
427 1188 86862463 453063116
1538 547 652452126 457686444
159 322 766547628 469412125
1015 881 769068656 867351286
1467 312 659392877 6925134
1076 1521 885368323 686598341
412 154 577610413 55557248
1321 1081 63841188 848142122
577 1484 260728047 635840597
1014 1187 672604074 840885604
327 285 267836926 50168820
405 440 653477203 19124984
224 88 26643835 918732620
228 561 586408308 227710073
686 972 929054461 850651249
542 641 179012849 873164534
25 876 802932777 108206041
133 370 12184227 653454361
890 196 828096594 71901003
1014 79 242305033 278799677
697 1395 43061602 456824346
20 157 523814839 86141065
476 157 242155998 162853574
83 245 135241979 565400043
1008 586 647432536 68917386
158 889 632786903 68437432
485 1516 77548427 910567470
1139 251 776571844 117188443
510 870 652038394 836998956
459 165 921924783 624896717
622 1013 133590996 895775594
8 368 57325592 34434143
451 1231 163165973 403404203
566 1193 31707385 712188704
1192 1500 48853839 205489167
807 1368 334682777 626364235
402 216 352638487 530807214
1435 1054 366095674 297162216
347 290 73005934 742810079
293 902 141618773 478809721
472 82 38567631 5604132
725 444 497485338 936492044
361 967 870111170 515673954
463 848 522257507 871478055
8 66 785341789 356477242
25 733 298525226 567184711
1375 288 960584027 482452396
1489 244 136376956 139328370
636 1044 196991181 114935134
1294 1078 143033493 42172904
754 855 590499216 153729516
677 1312 41432454 451387337
761 321 966177313 941088956
394 294 840831864 586276250
195 314 650984247 907279241
277 791 231616491 480781046
1487 744 547877447 129447785
1188 706 261876757 675996454
783 125 242156938 109547595
422 725 378098268 249002518
250 262 654246811 300994027
672 433 47886527 294317151
206 461 17673247 200804649
1299 960 941912197 695875291
68 1252 423519866 355821182
1216 333 941125270 130980569
1457 1216 879764437 967372240
797 1432 289047988 398946041
782 661 319267202 336255253
107 871 331486605 775732453
417 685 259668923 455823711
1271 1546 83725919 841967051
634 212 138347675 32900845
1172 1074 965195430 639781007
812 247 711985723 907608889
70 1342 19275375 879163045
297 128 753675221 741209324
232 1043 398845450 571746171
254 1361 332522708 371640750
282 493 965894829 81490957
629 1407 256767226 304998517
395 752 482121381 14613332
81 611 534219109 230955499
292 806 203995426 45207377
966 339 2463662 195422543
1313 1514 373225158 204007909
350 658 397345702 93821343
839 436 263207251 96986419
701 567 804484555 970723449
412 186 798662797 575178694
751 1326 431131041 417738476
706 405 574281306 388910758
1530 206 542046998 320939314
539 831 734972745 486521460
114 32 499653783 38882043
479 863 147026003 129399882
444 1404 376066226 522121784
1268 1224 221623853 374263380
1323 403 441295864 605079560
60 928 594528611 988332773
709 687 876281447 668062368
271 687 388285592 938148691
131 521 240176412 480266804
215 1056 473424442 570362466
11 998 42644866 148281066
1452 939 200800768 189808484
267 531 675042258 422416144
543 1341 705977530 82358700
335 909 50746799 605421820
365 173 23572376 725398610
1247 111 510527243 309923654
276 608 100103523 372492531
142 937 602159891 2243957
571 927 84460465 791031310
635 1509 716634295 1186800
1292 538 441467903 204075525
1166 354 501891967 811605683
286 33 232666021 980793715
1395 1221 216274553 186359110
76 1240 59526235 166493221
949 989 533352266 538460718
116 1002 864289363 234610003
547 1078 287949524 295170275
309 584 232079839 828378709
421 300 153908287 619734103
1285 1017 709686302 391319226
237 1504 508715575 480466883
898 923 293961874 317053699
622 1184 274269339 104752101
584 683 306395422 451328692
612 1224 54346699 864328222
439 243 452132472 898135728
679 77 629517488 355964035
102 1125 26175970 306014303
1311 543 485018573 678715679
278 321 612975576 926726001
1029 590 532671080 318800939
342 916 43425656 274218695
87 1167 411403169 32180500
450 1542 635984448 196541737
88 1219 746300369 245814123
280 837 496923859 151630992
770 1178 109768906 330760767
143 373 564247276 414220288
656 1450 843775701 637967675
631 845 119718310 100704484
318 421 545797962 932137295
195 738 342638689 177843448
968 725 426788047 156753828
570 946 727397015 149582699
124 1228 168367957 413007683
309 1119 405579959 514358235
755 105 251730086 397054075
662 1018 510472919 950971507
139 1168 311558125 896648773
177 1424 786336553 21136053
37 410 50511060 339994502
1519 1400 339723896 672070700
85 616 49332847 951682536
652 575 1173511 129276095
706 615 148503363 610299058
483 503 558065430 185206571
1141 1182 398837116 698886367
620 515 24282979 94509577
616 580 399503807 903856134
732 1406 733249697 442685825
69 1182 82128219 75037946
99 986 722492996 898023832
634 660 111066106 82115786
175 974 176996169 852985846
579 745 200984197 580525195
1062 1400 721311602 331044381
166 526 444784995 638501406
410 648 950296480 231149795
900 1144 266935302 80841795
1019 905 572718609 76467600
544 1036 958790295 338313403
574 164 514372858 673902123
231 388 330657894 554385425
255 256 988362924 274932157
552 779 46531925 576709984
1280 361 237116899 471644546
302 413 526763126 143046608
433 1155 483589215 283480792
611 525 303392773 106116140
417 137 658815993 818599588
599 1029 263765491 429862721
42 725 66355018 405005425
384 1422 199539822 274328424
158 1564 212449368 898018619
57 1108 887632199 733611657
696 439 195683707 364502877
635 1416 294087018 912444096
453 794 58404547 544862428
1073 798 927158340 424579320
735 652 594602645 87024838
979 579 366258496 385178112
73 189 532384422 871066187
62 38 505837587 848611689
410 729 922640362 91549369
432 299 226355224 980701806
328 364 687520818 161509752
519 1217 763585359 359579795
572 616 286209104 285304701
702 519 882269464 60692923
1529 395 300189265 244127748
1020 1196 571994908 940807967
215 780 106574386 911255844
313 1483 136786733 213280253
276 1471 743220557 223082172
619 226 423168800 198819383
33 843 278192661 938313045
74 1034 617893143 813400735
1383 1516 784753597 930054235
648 1398 400101380 254107805
240 416 370222375 681314754
388 1055 82316724 990582983
261 975 356770031 39902488
487 562 373281309 246250671
75 1184 680543951 931123546
387 1504 132467109 122435411
898 122 759987112 266002982
12 1560 683363356 776039060
275 193 726663711 964433202
613 446 368798175 399603732
784 1363 512954289 455355365
257 1322 282278344 480136006
1392 722 548156055 42559009
50 1072 137766842 917504545
63 72 269550734 446793548
506 967 140772012 961889622
943 128 506412887 970443794
490 1491 734896218 694765568
1288 479 586470927 836901851
646 1195 945738027 467022670
51 1217 346542492 991151647
165 231 416814605 886335544
557 1175 86650119 445579083
96 1488 943135133 382997379
136 1449 325084905 819885449
1172 783 406257507 106841733
1500 1328 511238006 276098766
152 860 939346913 459156148
1409 1373 649030193 593327542
671 592 251690305 254483533
517 106 174734357 273037247
98 683 592399396 324622422
261 1209 546922362 63460993
857 1189 245301041 997499891
550 175 52198300 169577173
488 1106 264908957 574577104
