12 6
708 706 33
134 620
134 568
134 328
134 109
134 67
134 623
134 499
134 207
134 501
134 521
134 469
134 634
134 658
134 191
134 100
134 454
134 603
134 671
134 211
134 72
134 171
134 297
134 131
134 358
134 667
134 30
134 465
134 392
134 102
134 402
134 163
134 424
134 456
314 318 2
277 256
277 117
315 317 4
156 185
156 135
156 188
156 204
317 315 5
211 207
211 202
211 67
211 48
211 81
314 318 8
226 307
226 150
226 132
226 97
226 31
226 30
226 280
226 188
316 316 5
197 94
197 12
197 212
197 41
197 159
