8 7
1 3 1
1 2
3 33333 85
1 4979
2 14309
1 32903
3 32294
1 13299
3 21516
2 7233
3 5194
1 28802
3 21935
1 5616
3 32947
3 20090
2 15921
2 6463
3 24875
1 22740
3 26133
1 9124
2 2837
3 8709
3 26829
3 22761
1 29120
2 15937
2 25937
1 2378
2 6180
2 27937
2 5679
1 2581
3 2746
1 32128
3 20962
1 11145
3 12395
1 13024
1 24141
3 900
2 12570
3 24518
2 27243
2 32890
3 25926
1 14481
2 18150
3 2035
1 10306
2 31237
1 26472
2 18789
3 28751
3 21285
2 32972
3 3449
3 12869
1 416
2 17023
3 11575
1 3131
2 4927
1 25390
2 784
1 15657
1 2318
3 29276
3 22967
3 18048
1 5377
3 24338
1 21511
2 20957
3 21574
2 26391
1 32688
3 15658
3 7463
3 25419
3 29564
1 14087
3 4646
3 14357
2 25835
1 6128
2 14332
2 10000 126
2 4670
2 8736
1 6335
2 8387
2 3029
1 5474
2 1402
2 4824
2 544
2 9872
1 6680
1 2930
2 7214
2 7497
2 3152
1 1739
1 5615
2 3776
1 1583
1 8444
1 8160
1 6714
2 6646
1 3826
2 4952
2 7597
2 6615
1 849
1 8017
1 2992
1 4713
2 6739
2 2611
1 3719
1 2378
1 8152
2 9446
2 3408
2 2324
1 10000
2 6413
1 4306
2 9082
1 6599
2 6313
2 1261
1 9001
2 5229
1 4068
2 2694
1 9975
2 7141
2 9134
2 9154
2 2236
2 8988
1 7855
1 7961
2 9118
1 3590
2 5496
1 4104
2 7947
2 1034
2 6982
2 9296
1 7989
1 6449
1 6707
1 1982
2 7381
2 8063
1 1591
1 117
2 7682
2 8209
1 4200
1 1097
1 864
1 9969
2 5628
2 6630
1 4151
1 9778
2 2081
2 8394
2 8912
1 112
2 5988
2 1408
2 4777
1 9076
1 1131
1 7839
1 2709
1 813
2 796
2 1613
1 4782
1 6409
2 8756
1 5435
2 6108
1 3842
2 3134
1 6218
1 901
1 4760
2 6666
1 5759
1 552
1 1386
2 2620
2 9060
1 9887
2 5249
1 1203
2 2372
1 5289
2 3953
1 5066
1 3173
2 8210
1 4243
2 348
1 6122
2 10000 247
1 5408
2 5549
2 2204
2 8449
1 1468
2 7864
1 3366
2 37
2 6551
2 2298
2 1976
1 1634
1 1369
2 7072
1 2983
1 745
2 1385
2 288
1 2936
1 4174
1 4464
1 2939
1 94
1 149
2 8630
1 9334
2 3607
2 4885
1 5620
2 6918
1 7267
1 5545
1 66
1 9305
2 8590
2 148
1 9350
1 2681
1 3765
1 468
1 1054
2 9880
1 9122
2 9521
2 1616
2 5726
1 367
1 2410
2 8637
1 9291
2 413
2 1400
1 2958
2 4071
1 1743
2 3565
1 1481
2 7278
2 1307
1 262
2 9854
2 9468
1 1583
1 8234
1 6616
2 1669
2 7597
1 3034
1 3580
1 9142
2 3958
2 3729
1 9379
1 5776
2 1766
2 1742
2 1135
2 101
2 9924
2 8129
1 723
2 2219
2 7444
1 5525
2 2478
1 2328
1 3768
2 1984
1 5940
2 6762
1 8907
1 9062
2 9776
1 5479
1 4831
1 4211
1 2820
2 8341
1 922
2 7868
2 4778
1 6757
1 4250
2 1529
1 8887
1 1759
2 378
2 6747
2 4542
2 1378
1 1356
1 2572
2 7190
2 2165
1 5800
2 4612
2 6183
1 6060
1 7013
1 5951
1 895
2 9225
2 6157
2 3865
1 2525
1 4601
2 5033
2 1001
2 2340
2 2437
1 373
2 8078
1 4132
1 1811
1 4332
2 7808
2 1444
1 1375
1 2315
1 7299
1 4863
2 9772
1 91
2 1964
2 4654
2 7238
1 1911
1 2247
1 2507
1 1577
2 2308
1 2611
1 7250
1 6567
1 7988
2 3151
1 1771
2 8426
2 4622
2 3770
2 2251
2 137
2 7595
2 9981
2 5192
2 2878
2 1492
1 5282
1 4143
1 5789
1 3492
1 5276
1 651
1 6642
2 9563
2 5537
2 3943
2 8045
1 8552
2 1575
2 3227
2 8775
2 2350
2 6697
2 6220
2 8209
2 5881
1 8613
1 3135
2 3308
1 7977
2 1913
1 9762
2 5210
1 2940
2 9629
2 7037
1 9825
1 2168
1 4591
1 4282
2 6621
2 2983
2 2310
1 7644
1 6969
2 4003
1 7321
2 7506
1 940
1 1978
1 1036
2 7823
1 4133
1 9272
1 5887
2 2318
2 1117
2 7676
1 3906
2 9844
2 3165
2 9707
2 1226
1 5712
1 4264
2 435
2 8382
1 7352
1 5750
2 3012
1 8581
1 2279
2 6987
1 3081
2 425
1 7979
2 3841
1 3841
2 4022
2 7752
1 5448
2 975
2 961
2 3903
2 9097
2 7736
2 10000 271
2 2878
2 3212
2 6792
1 2402
2 2166
2 1189
1 9288
1 1612
2 4935
2 2182
2 6024
2 4862
1 1101
2 7820
1 461
1 8630
2 3484
1 1181
2 9246
2 2923
1 2848
2 2599
1 8774
1 5971
1 5623
1 8802
1 3998
1 8333
2 3434
1 6796
1 1824
2 1318
1 9033
2 1467
1 237
2 3829
2 1237
1 9955
1 196
2 7039
2 8234
1 2042
1 8538
2 6701
2 4965
2 207
2 9829
1 9523
1 6876
2 2439
1 2583
1 2887
2 2974
1 2683
1 3252
2 3364
2 6901
2 9159
1 6848
2 1478
1 6873
1 4107
2 6205
2 2265
1 6145
1 3077
2 9054
2 4242
1 3763
1 5813
1 6847
1 7314
2 1910
2 7305
1 542
2 6621
2 8312
1 2429
2 7690
1 5642
2 2760
2 3237
1 4607
1 8412
1 3729
2 6222
2 1311
1 4041
1 8868
1 2747
1 8027
2 7608
1 5538
2 1862
1 5389
2 4003
1 9234
2 5389
2 5413
2 7846
2 4160
2 4257
1 1729
1 762
2 2833
2 7160
1 1189
2 6434
2 6654
1 6174
1 9967
2 1882
1 770
1 9865
1 5131
2 6088
1 843
2 5729
2 8452
2 1378
2 2064
1 2866
1 5070
2 8160
1 9492
1 7727
2 6539
1 1781
2 8220
2 6297
1 8786
1 8645
1 8099
2 625
2 4976
1 1179
1 3728
2 5230
1 8165
2 6058
2 8300
2 6620
1 1804
1 7913
1 7259
2 8624
1 2056
2 7220
1 3681
1 3748
2 9672
1 3393
1 920
2 2364
2 8632
2 709
1 5815
1 358
1 8912
2 2736
2 9955
1 8156
2 5149
2 5035
2 4591
1 6090
1 739
1 7634
1 9255
1 9202
2 2362
2 668
1 4155
2 7558
2 8975
2 3719
2 1145
2 1830
1 5440
2 4528
1 9737
2 8985
1 5787
1 2814
2 4399
2 7466
1 4538
2 6202
1 5617
1 4016
2 7213
2 3898
1 6922
1 5408
2 7426
2 9628
2 1163
1 2914
1 5255
2 3490
2 966
2 9384
2 6462
2 1298
1 6868
1 65
1 5461
2 2454
2 635
1 230
2 9061
2 4667
1 9768
2 4425
1 9835
2 1403
2 3441
2 4152
2 8688
1 9067
2 3080
2 3177
2 3061
2 5007
2 4172
1 2303
2 5524
1 2846
1 359
2 349
2 1836
1 3581
2 7061
1 5551
2 9590
2 6491
1 7025
1 3541
1 8035
1 980
1 6186
2 4341
1 5546
2 7931
1 5670
1 5125
2 7782
2 129
2 4215
1 8540
1 3941
2 3807
1 235
2 7251
1 1528
2 7432
1 91
1 9004
1 8794
1 2554
2 2012
1 4809
2 7469
2 1375
1 4880
2 8709
2 5707
2 3850
2 4001
1 4073
2 6706
3 6666 32
3 5273
3 614
1 5135
1 1377
1 2268
2 785
2 3294
3 5341
1 3270
2 1666
1 5981
1 2971
3 569
2 224
1 4747
2 1084
3 4255
2 2439
3 5998
1 4538
2 529
3 1075
2 3031
2 4751
3 4602
1 1253
1 1686
1 2423
1 1303
1 2592
3 3594
3 2857
3 6666 303
3 5740
3 6162
3 5959
2 1238
2 5479
3 3447
3 5711
2 1818
3 1676
1 1128
2 2400
3 111
3 3300
2 3280
3 3862
2 3594
2 5417
1 5980
2 5736
2 177
2 2403
3 5518
2 6271
3 3194
2 1699
2 1847
2 2914
2 3824
3 3542
1 3380
3 55
1 4368
3 362
1 255
2 5554
2 4279
3 5414
3 139
2 2036
1 5248
2 2980
3 5857
2 1378
1 1522
1 4135
1 1088
3 5165
1 2869
2 3198
3 4273
2 4230
2 3056
3 4494
3 1735
3 2879
1 926
1 2218
1 2329
2 573
2 5906
1 5244
3 2690
1 1237
3 5136
1 2874
1 2285
3 176
3 2276
1 1261
3 2353
3 5802
1 5398
2 4632
1 4364
1 3198
1 5982
2 4979
3 5576
3 4286
3 1301
1 333
3 4676
1 1972
2 5484
3 2171
1 667
2 4244
3 452
1 2943
3 4538
3 228
2 3871
3 3780
3 6596
1 4132
3 2431
3 1181
2 4943
1 3933
3 4252
3 315
2 6317
1 4987
1 2704
3 4217
2 5939
2 1203
1 6028
1 2075
2 4728
2 1594
3 3299
2 2069
2 5317
2 5119
2 5095
1 2929
1 5311
3 6077
1 5961
3 3891
3 734
3 3943
2 6441
1 5011
1 5123
2 6195
1 5115
2 1406
1 4043
2 992
3 1496
2 4335
1 5208
3 1277
1 6340
3 2843
3 4856
1 500
1 1894
2 3253
3 1604
1 4938
2 3531
1 377
1 5708
3 3039
2 3954
1 4932
2 4012
3 5104
2 2790
3 1187
2 5189
2 4251
2 3095
1 2751
2 2909
2 5463
3 757
2 3795
3 2125
3 5392
2 3282
1 2348
2 5274
2 5992
3 2806
3 3301
1 4538
3 888
2 4116
3 4525
1 2114
3 1847
3 5490
3 1337
2 3692
2 1338
3 3354
2 2837
1 4543
3 2862
1 3060
1 3498
1 2667
3 3391
3 3580
2 2068
1 656
3 4842
1 5019
3 5708
3 3402
3 3426
2 1189
1 3162
2 4913
1 2997
2 5755
3 4983
3 2126
3 2008
2 6475
2 6048
2 5617
1 1159
1 1097
3 4541
2 841
2 1362
1 2659
3 1043
1 6078
1 4217
3 3172
1 1266
3 4617
2 4392
1 2525
1 6292
2 4106
3 3918
1 5302
2 5323
2 2167
1 3602
2 2623
2 6031
1 3338
2 5966
1 1245
2 3911
2 5299
2 6044
3 4779
2 702
2 5275
2 1805
2 255
3 4909
3 2307
3 6146
3 999
1 2720
2 2237
1 186
2 2521
2 5806
1 6182
2 1981
3 1679
1 6522
3 6644
1 983
3 873
2 5117
3 1119
1 4610
3 5250
2 1453
3 2749
3 1040
1 2586
2 6118
2 4941
1 2092
3 617
1 4972
2 4372
1 2415
3 3829
3 4150
1 597
2 4127
2 170
2 4192
2 498
1 5673
3 3206
1 4980
2 2759
2 1623
3 4260
1 3565
1 5539
2 4673
3 5685
1 120
1 4505
3 114
2 1051
3 2648
3 6126
1 15
2 2541
2 6648
2 3340
1 5505
1 840
1 3939
2 4656
3 6336
