18 4
1731 1733 15
25 1273
1329 603
58 1611
188 1093
784 891
1480 1420
756 750
844 891
1543 376
17 972
351 528
1592 1419
715 193
1392 364
1137 1166
1733 1731 88
1365 1439
59 1314
303 1584
815 1641
975 564
1087 1635
842 1121
508 1156
79 410
1286 267
1222 1582
288 1442
734 567
1632 1326
1223 1179
1533 502
653 1474
598 1541
1240 1411
445 1656
622 1635
56 1667
710 1523
527 1218
1001 1621
328 1153
1567 1624
694 435
136 56
1405 74
441 1141
1225 1569
576 883
1590 614
1731 376
1103 505
1626 1568
507 1575
389 482
1435 210
789 330
1169 622
388 456
30 1716
1627 901
107 1403
401 319
809 449
1431 163
750 1293
1198 549
313 702
1150 477
188 201
1343 1258
1526 1685
590 843
1374 782
1315 1612
538 120
872 442
890 1680
531 754
500 1220
421 741
558 484
460 1334
123 1683
949 93
189 1134
938 569
831 999
736 682
367 769
1007 958
1343 705
179 843
420 850
1631 1543
1631 934
948 792
1560 1513
1379 143
947 374
1451 1078
528 31
1353 418
688 969
1732 1732 35
420 1154
470 1355
1220 1389
149 403
853 615
1067 873
1016 1067
1246 1046
883 118
1621 1341
1303 287
621 336
336 1656
1521 1051
1218 910
300 1145
262 1243
1263 74
1176 930
1007 957
1325 1607
864 430
701 1579
337 1187
372 320
589 1522
1650 1625
393 1306
923 275
340 487
870 438
484 87
310 1145
1610 163
1256 1657
1000 1000 3
167 943
625 271
530 552
