1000 2 1000
919 865 919 865 919 865 919 865 919 865 919 865 919 865 919 865 919 865 919 865 919 865 919 865 919 865 919 865 919 865 919 865 919 865 919 865 919 865 919 865 919 919 865 865 919 865 919 865 919 865 919 919 865 865 865 919 919 865 919 919 919 919 865 919 865 919 919 919 865 865 919 919 865 919 865 865 865 865 865 865 865 919 865 919 919 919 865 865 919 919 919 865 919 865 865 919 865 865 865 865 919 919 919 919 919 919 865 865 919 865 865 919 919 865 865 919 865 919 865 865 919 919 919 919 919 919 919 865 919 865 919 865 919 865 919 919 865 865 865 919 865 865 919 865 865 919 865 865 865 865 919 865 919 865 919 919 919 919 919 919 919 919 865 919 919 919 865 865 919 865 919 865 919 919 865 919 865 919 865 865 919 865 919 919 865 919 919 865 919 865 919 919 865 919 865 919 865 865 919 919 919 865 865 919 919 919 865 865 919 865 865 865 919 865 865 865 919 865 919 919 919 865 919 919 919 865 919 919 865 919 919 919 919 919 919 919 919 919 865 919 919 865 865 865 865 919 865 919 865 919 865 865 865 865 919 865 865 865 865 865 919 919 865 865 865 865 919 865 865 919 865 919 865 865 919 919 919 865 919 919 919 865 919 919 919 919 919 865 919 919 865 919 865 865 865 919 919 865 865 865 865 919 919 919 919 919 865 919 919 865 865 865 865 865 865 865 919 919 919 865 919 919 865 865 919 865 865 919 865 919 919 919 865 919 865 865 865 865 865 919 919 865 919 919 865 865 865 865 919 919 919 865 919 919 865 865 919 919 865 919 919 919 865 865 865 865 919 865 865 865 919 865 865 919 919 919 919 919 865 865 865 919 919 919 919 865 919 919 865 919 919 919 919 865 865 865 865 865 919 865 919 865 865 865 919 919 865 865 865 919 919 919 919 865 865 919 865 919 919 919 865 919 919 919 865 865 865 919 919 919 919 919 919 919 919 865 919 865 865 865 919 865 919 865 865 865 919 865 919 919 865 865 865 919 865 919 865 865 919 865 865 919 865 865 919 919 865 865 919 919 919 919 919 919 919 865 919 865 865 865 919 919 919 919 865 865 865 865 865 919 865 919 865 865 865 865 919 919 865 865 919 919 865 865 919 919 865 865 919 919 919 865 865 865 919 919 865 865 865 865 865 919 919 865 865 919 919 865 919 919 919 919 865 919 919 919 919 865 865 865 865 919 919 865 919 865 865 865 919 865 865 919 919 865 865 865 919 865 865 865 865 919 865 919 919 865 865 865 919 865 919 919 865 919 865 865 919 919 865 919 919 865 865 865 919 865 919 919 865 919 919 865 919 865 865 865 919 865 865 919 865 865 865 865 865 865 865 865 865 865 919 865 865 865 865 865 919 919 865 919 919 865 865 919 865 919 865 919 919 865 865 919 865 865 865 919 919 865 865 919 865 865 865 865 865 865 919 919 865 919 919 919 919 919 865 919 865 919 919 865 865 865 919 865 919 919 919 865 919 865 919 919 919 919 865 865 919 865 919 919 919 865 919 919 919 919 919 865 919 919 865 865 865 919 865 919 865 865 919 919 865 865 919 919 865 919 919 865 865 865 919 919 865 919 919 865 919 865 865 865 865 865 865 919 865 865 919 865 919 919 919 919 919 919 865 865 865 865 919 919 865 865 865 865 865 865 865 865 919 865 919 865 865 865 919 865 919 865 919 919 919 919 865 919 919 865 865 865 865 919 919 865 865 919 865 919 865 919 919 865 919 919 865 865 865 919 919 865 919 865 919 919 865 865 919 919 919 919 919 865 865 865 865 919 865 865 919 865 865 865 919 865 865 919 919 865 919 865 865 919 919 919 919 919 919 919 865 919 865 865 919 919 865 919 865 865 919 865 919 919 919 865 865 919 919 865 865 919 865 919 919 865 919 919 865 865 919 865 865 865 865 865 919 919 919 919 865 919 919 919 919 865 919 919 865 865 919 919 865 865 919 865 919 865 865 865 865 865 919 865 865 919 919 919 919 865 919 865 865 919 919 919 919 919 865 919 919 865 919 865 919 865 919 865 919 865 919 865 919 865 919 865 919 865 919 865 919 865 919 865 919 865 919 865 919 865 919 865 919 865 919 865 919 865 919 865 919 865 919 865 919 865 919 865 919 865 919 865 919 865 919 865 919 865 919 865 919 865 919 865 919 865 919 865 919 865 919 865 919 865 919 865 919 865 919 865 919 865 919 865 919 865 919 865 919 865 919 865 919 865 
433 766
21 989
173 707
553 628
579 733
66 506
42 139
218 448
328 765
21 396
206 567
275 520
485 753
7 444
546 554
99 216
314 668
490 627
443 543
63 468
331 852
39 473
539 711
163 426
379 624
133 289
236 883
51 169
899 945
714 992
362 838
224 577
2 890
716 865
212 415
98 965
75 169
39 851
267 364
189 787
105 359
730 953
599 663
20 488
87 417
589 627
227 265
455 832
207 752
682 683
301 565
133 957
573 883
391 708
552 657
215 393
287 460
908 912
72 556
337 705
770 889
236 264
41 292
810 857
484 558
268 390
161 957
380 896
318 363
109 861
532 981
280 335
390 847
89 757
25 479
166 961
610 738
63 367
24 829
462 975
349 822
4 434
500 719
124 703
190 660
301 530
718 771
395 690
160 868
149 640
469 614
2 784
99 865
160 663
398 998
92 530
382 940
20 973
284 992
79 195
485 548
888 964
128 375
588 733
856 947
298 825
268 865
757 806
543 756
524 906
448 529
57 820
83 805
102 852
314 579
203 212
574 769
410 965
701 846
195 217
94 979
403 492
514 603
247 533
306 485
498 802
115 186
452 719
74 594
447 571
396 857
96 939
155 352
572 764
146 548
114 547
90 938
312 714
240 812
333 413
199 876
162 199
259 292
19 676
458 758
30 746
52 62
735 941
724 785
330 805
677 682
269 767
354 781
817 874
334 602
600 704
496 860
479 485
150 345
228 654
202 319
467 497
286 912
48 725
355 787
29 609
161 207
313 361
149 562
415 756
31 453
47 541
506 930
156 402
33 518
662 853
274 383
529 590
206 827
367 677
494 945
316 463
663 878
23 272
356 674
137 441
283 531
66 260
239 813
385 701
36 984
33 762
82 357
149 772
877 926
670 963
520 916
543 895
732 814
177 505
89 387
247 591
236 698
633 789
17 575
698 954
127 713
610 943
323 633
339 446
289 569
82 363
254 915
305 822
376 886
663 852
221 387
488 865
4 426
252 521
90 114
333 492
226 681
247 983
44 428
266 662
644 860
141 995
318 646
278 442
435 789
17 778
204 798
75 688
482 601
28 551
685 825
25 347
14 206
186 304
325 997
283 706
744 885
466 678
716 729
93 458
205 523
657 897
118 742
729 739
14 521
327 408
137 655
219 411
730 874
349 711
230 772
224 664
484 988
492 819
4 345
286 518
165 906
140 315
407 692
361 746
424 897
440 594
124 531
57 237
254 348
366 942
32 409
657 985
736 946
163 611
396 848
129 854
143 357
579 991
393 833
458 677
777 793
44 975
405 680
20 162
84 362
127 483
452 858
535 972
165 214
621 813
276 821
107 743
278 859
405 583
244 731
399 917
154 656
85 565
301 516
707 977
415 499
210 597
414 460
249 946
648 809
420 945
116 896
119 628
308 374
502 511
213 820
185 797
181 219
175 482
115 480
590 746
28 920
264 475
247 350
169 879
64 558
367 815
290 549
249 593
292 919
289 907
108 208
438 633
756 889
459 650
181 912
429 989
547 881
494 640
237 377
363 977
235 935
32 870
377 766
50 717
602 769
14 491
265 883
401 998
181 410
289 632
754 779
162 624
412 950
68 770
473 668
143 871
321 500
258 403
94 800
944 980
242 327
680 917
341 934
470 702
87 586
306 384
780 983
90 656
92 315
215 951
516 871
346 821
519 871
282 784
436 584
333 682
617 796
17 943
345 615
29 499
353 945
474 784
348 412
276 764
50 809
350 598
117 211
14 553
56 485
623 806
303 593
24 824
46 914
222 403
172 543
151 812
179 997
715 823
258 418
484 880
341 968
433 663
380 622
209 916
811 992
454 489
220 823
26 565
241 968
247 417
48 693
219 962
317 472
469 481
118 136
23 105
167 534
297 978
506 698
902 948
145 445
244 451
575 725
253 625
715 815
50 509
20 826
35 193
889 895
484 566
472 582
241 711
429 976
132 728
78 534
16 469
529 904
867 956
323 968
643 999
261 658
724 855
312 565
154 945
72 794
145 643
272 604
78 706
23 324
271 588
691 872
328 407
567 900
297 859
16 345
803 843
212 992
273 757
797 846
300 419
437 909
238 431
7 275
200 296
379 756
89 393
151 632
610 972
436 542
149 282
744 782
454 825
452 467
463 816
61 410
546 657
297 689
181 983
340 498
471 597
495 858
145 542
220 926
344 381
253 491
474 720
191 938
178 181
587 903
722 814
19 487
877 952
3 372
649 785
289 871
929 975
40 98
44 790
267 289
289 809
888 997
401 825
174 780
93 545
104 211
285 465
20 527
731 914
496 675
377 629
385 496
21 861
2 120
141 167
462 591
306 371
572 829
463 915
333 886
201 858
191 754
72 931
2 873
199 269
28 706
91 109
424 712
71 499
414 610
580 952
792 996
184 936
173 653
334 618
581 844
486 993
204 995
531 779
274 535
331 422
622 672
190 500
687 998
68 198
74 130
574 901
7 18
201 967
733 910
180 616
385 757
462 963
75 655
443 606
77 360
780 842
137 317
418 535
307 719
302 760
483 949
35 989
536 565
423 801
211 582
540 923
156 718
287 363
753 852
287 298
237 564
66 390
418 618
547 596
245 704
731 759
404 598
221 879
7 153
300 393
183 975
279 922
14 518
4 789
33 852
79 281
184 746
182 963
391 418
244 608
182 552
426 819
101 109
668 987
6 939
546 895
608 618
315 542
135 838
221 562
639 934
386 531
250 913
98 510
248 772
178 693
41 421
226 844
106 142
145 734
556 700
210 850
266 723
61 978
252 808
443 456
495 948
68 142
48 177
139 347
402 908
329 768
42 370
632 982
616 966
437 769
436 459
132 217
227 994
835 921
304 873
177 965
218 398
508 529
15 495
94 620
694 823
417 848
28 942
582 750
71 322
320 812
491 864
380 633
133 263
881 926
170 363
227 444
307 368
11 570
43 127
449 588
550 557
696 864
663 797
170 806
60 927
105 271
387 467
179 320
56 179
389 820
619 844
357 770
494 494
78 671
310 935
212 538
268 293
586 651
463 871
241 658
38 382
67 832
347 604
689 887
762 845
76 366
550 739
457 740
639 860
257 482
23 967
208 574
10 578
16 425
393 517
229 263
706 937
234 898
659 972
708 878
661 925
382 915
136 432
19 391
535 563
225 399
245 967
162 778
737 757
196 231
259 858
532 864
573 732
206 718
427 554
394 586
176 467
658 780
492 915
310 799
634 677
753 794
463 835
121 152
63 736
755 856
845 958
614 869
279 838
423 692
348 631
283 297
547 832
113 297
573 965
257 845
345 393
335 597
246 448
474 714
910 959
798 876
745 966
697 751
378 589
172 955
185 877
147 399
74 478
322 331
222 248
406 441
17 771
34 178
257 704
25 597
124 351
266 718
228 941
268 663
147 294
340 535
498 950
256 560
315 978
688 909
660 748
273 949
281 372
18 745
368 882
803 980
640 799
362 730
666 719
358 735
362 486
499 809
145 791
22 701
286 843
235 786
103 520
637 758
459 809
244 532
230 316
178 379
423 819
170 373
454 883
89 197
288 670
770 914
406 561
151 590
106 552
58 593
891 963
109 713
416 929
19 848
498 662
268 367
695 772
79 689
144 743
71 422
602 689
256 836
498 843
314 772
492 806
516 931
740 751
106 919
33 507
326 719
61 144
393 670
688 858
56 143
160 315
12 158
199 727
897 991
60 213
382 479
254 443
32 754
523 692
147 311
61 626
503 599
590 930
202 223
392 552
42 820
519 791
573 625
20 131
133 615
308 663
143 396
136 607
54 277
121 815
65 704
629 971
562 667
4 437
256 690
2 547
205 853
316 588
768 857
535 969
370 557
178 466
134 145
301 781
77 671
468 813
889 933
396 539
39 107
191 634
35 47
445 451
243 987
17 207
262 523
510 656
855 992
166 805
85 573
130 771
72 865
33 847
407 436
294 879
232 654
654 706
175 992
61 868
677 827
152 918
243 614
844 888
315 932
600 921
267 639
368 661
263 600
350 520
453 721
330 575
577 584
70 352
172 399
134 339
173 259
451 911
136 687
77 713
114 723
75 426
342 548
574 958
134 348
28 446
568 719
689 859
334 372
128 801
581 737
223 320
301 561
337 741
791 940
208 553
405 716
695 842
23 226
78 212
48 708
515 673
237 273
202 780
554 807
301 503
139 269
131 186
611 672
409 830
28 963
108 126
197 559
95 795
364 729
579 964
451 905
158 711
144 989
62 447
421 722
385 515
285 955
101 691
425 758
364 411
861 955
244 325
496 908
375 467
595 757
208 857
26 561
216 758
155 815
217 331
655 773
38 277
450 643
802 880
133 444
371 996
446 754
547 635
32 244
3 589
677 693
394 936
234 239
356 991
242 355
276 533
530 933
82 871
437 886
3 696
650 664
530 801
475 548
58 784
870 925
93 320
808 969
763 872
584 628
93 587
285 897
77 983
151 889
142 543
259 355
259 534
490 567
624 911
544 659
251 714
485 499
429 612
674 894
74 263
73 334
50 417
165 194
939 955
550 979
