-1
-1
-1
1005287369
1005287369
1005287369
1005287369
1005287369
1005287369
1005287369
1000921758
1000921758
1000921758
1000921758
1000921758
1000921758
1000921758
1000921758
1000921758
1000921758
1000921758
1000921758
1000921758
1000921758
1000921758
1000921758
1000921758
1000921758
1000921758
1000921758
1000921758
1000921758
1000921758
1000921758
1000921758
1000921758
1000921758
1000921758
1000921758
1000134689
1000134689
1000134689
1000134689
1000134689
1000134689
1000134689
1000134689
1000134689
1000134689
1000134689
1000134689
1000134689
1000134689
1000134689
1000134689
1000134689
1000134689
1000134689
1000134689
1000134689
1000134689
1000134689
1000134689
1000134689
1000134689
1000134689
1000134689
1000134689
1000134689
1000134689
1000134689
1000134689
1000134689
1000134689
1000134689
1000134689
1000134689
1000134689
1000134689
1000134689
1000134689
1000134689
1000134689
1000134689
1000134689
1000134689
1000134689
1000134689
1000134689
1000134689
1000134689
1000134689
1000134689
1000134689
1000134689
1000134689
1000134689
1000134689
1000134689
1000134689
1000134689
1000134689
1000134689
1000134689
1000134689
1000134689
1000134689
1000134689
1000134689
1000134689
1000134689
1000134689
1000134689
1000134689
1000134689
1000134689
1000134689
1000134689
1000134689
1000134689
1000134689
1000134689
1000134689
1000134689
1000134689
1000134689
1000134689
1000134689
1000134689
1000134689
1000134689
1000134689
1000134689
1000134689
1000134689
1000134689
1000134689
1000134689
1000134689
1000134689
1000134689
1000134689
1000134689
1000134689
1000134689
1000134689
1000134689
1000134689
1000134689
1000115516
1000115516
1000115516
1000115516
1000115516
1000115516
1000115516
1000115516
1000115516
1000115516
1000115516
1000115516
1000115516
1000115516
1000115516
1000115516
1000115516
1000115516
1000115516
1000115516
1000115516
1000115516
1000115516
1000115516
1000115516
1000115516
1000115516
1000115516
1000115516
1000115516
1000115516
765268037
765268037
765268037
765268037
765268037
765268037
765268037
765268037
765268037
765268037
765268037
1000115516
1000115516
1000115516
1000115516
1000115516
1000030914
1000030914
1000030914
1000030914
1000030914
1000030914
1000115516
1000115516
1000115516
1000115516
1000115516
670591912
1000115516
697994831
697994831
691434396
697994831
697994831
1000115516
1000115516
1000115516
1000115516
1000115516
1000115516
1000115516
1000115516
1000115516
1000115516
1000115516
1000115516
1000115516
1000115516
1000115516
1000115516
1000115516
870674855
870674855
870674855
870674855
870674855
870674855
870674855
870674855
870674855
870674855
870674855
1000115516
1000115516
1000115516
1000115516
1000115516
1000115516
1000115516
1000115516
1000115516
1000115516
1000115516
1000115516
1000115516
1000115516
1000019582
1000019582
1000019582
1000019582
1000019582
1000019582
1000019582
1000019582
1000019582
1000019582
1000019582
828827413
1000019582
1000019582
685571703
1000019582
807857442
1000019582
1000019582
1000019582
1000019582
1000019582
1000019582
1000019582
1000019582
1000019582
1000019582
1000019582
1000019582
1000019582
1000019582
1000019582
1000019582
1000019582
1000019582
1000019582
1000019582
724308201
724308201
724308201
550753882
550753882
550753882
402712119
550753882
724308201
1000019582
1000019582
1000019582
1000019582
1000019582
1000019582
1000019582
1000019582
1000019582
1000019582
1000019582
1000019582
1000019582
946866853
946866853
904475374
946866853
946866853
946866853
946866853
946866853
946866853
946866853
946866853
1000019582
1000019582
1000019582
1000019582
1000019582
1000019582
1000019582
1000019582
1000019582
1000019582
1000019582
1000019582
1000019582
1000019582
1000019582
1000019582
1000019582
1000019582
796370636
619491682
796370636
796370636
796370636
796370636
796370636
1000019582
1000019582
1000019582
1000019582
1000019582
1000019582
1000019582
1000019582
1000019582
1000019582
1000019582
1000019582
1000019582
1000019582
1000019582
1000019582
789250000
789250000
789250000
789250000
789250000
789250000
748551485
789250000
789250000
789250000
789250000
1000019582
1000019582
1000019582
1000019582
1000019582
1000019582
1000019582
1000019582
1000004660
1000004660
1000004660
1000004660
1000004660
1000004660
1000004660
1000004660
1000004660
624190141
624190141
624190141
624190141
536377897
624190141
624190141
624190141
624190141
624190141
624190141
1000004660
1000004660
1000004660
1000004660
1000004660
1000004660
1000004660
1000004660
1000004660
1000004660
1000004660
1000004660
1000004660
743429468
743429468
743429468
743429468
743429468
743429468
743429468
1000004660
1000004660
1000004660
1000004660
1000004660
1000004660
1000004660
1000004660
1000004660
1000004660
1000004660
1000004660
1000004660
1000004660
1000004660
1000004660
1000004660
1000004660
1000004660
1000004660
839432411
839432411
839432411
811668843
839432411
839432411
839432411
839432411
839432411
1000004660
1000004660
1000004660
1000004660
1000004660
1000004660
1000004660
1000004660
1000004660
1000004660
1000004660
1000004660
1000004660
1000004660
1000004660
1000004660
1000004660
1000004660
1000004660
810531395
810531395
810531395
810531395
639651355
810531395
810531395
810531395
810531395
1000004660
1000004660
1000004660
1000004660
1000004660
1000004660
1000004660
1000004660
1000004660
1000004660
1000004660
1000004660
1000004660
1000004660
1000004660
1000004660
1000004660
1000004660
1000004660
1000004660
1000004660
1000004660
774048436
730516311
730516311
730516311
774048436
774048436
774048436
774048436
774048436
774048436
774048436
1000004660
1000004660
1000004660
1000004660
1000004660
1000004660
1000004660
1000004660
1000004660
1000004660
1000004660
1000004660
1000004660
1000004660
1000004660
1000004660
1000004660
611734619
611734619
611734619
611734619
611734619
611734619
611734619
611734619
611734619
1000004660
1000004660
1000004660
1000004660
1000004660
1000004660
1000004660
1000004660
1000004660
999979466
999979466
999979466
999979466
999979466
999979466
999964600
999964600
999964600
999964600
999964600
999964600
999964600
999964600
999964600
999964600
999964600
999964600
999964600
955978202
999964600
999964600
999964600
999964600
999964600
999964600
999964600
999964600
999964600
999964600
999964600
999964600
999964600
999964600
999964600
999964600
999964600
999964600
999964600
999964600
999964600
999964600
999964600
999964600
999964600
999964600
999964600
999964600
999964600
