600
1 1 986352934 13664969
1 1 990383432 9535188
1 1 978377357 21565115
1 0 4179470 995752181
1 1 940898378 59176252
1 0 44521505 955539346
1 0 68138835 931862355
1 0 32020361 967889036
1 1 867834610 132153170
1 0 78561128 921350426
1 0 10538326 989363746
1 1 831297723 168719270
1 0 76184463 923862768
1 0 42003480 957900807
1 1 929964089 70025622
1 1 838199260 161801303
1 0 28943830 971081415
1 1 868632303 131401880
1 1 827367580 172651277
1 1 866618866 133335788
1 1 797298610 202641846
1 0 86380104 913639258
1 1 759495290 240440613
1 1 792702034 207381587
1 1 799497864 200455796
1 0 91764921 908147542
1 0 97603042 902350747
1 1 742490496 257604436
1 1 730421691 269562524
1 0 98167646 901853923
1 0 136881181 863181124
1 0 190794343 809283877
1 0 188028431 811920865
1 1 719720760 280222977
1 1 746436149 253612511
1 0 167268297 832698880
1 0 124531921 875397496
1 1 722505167 277461234
1 0 113226686 886871819
1 0 131924999 867981519
1 1 603650754 396402475
1 0 195059359 804950179
1 1 690716226 309319169
1 0 196713029 803207362
1 1 712964344 287042536
1 0 221439484 778627837
1 1 670124727 329925256
1 1 677655885 322368112
1 1 606409466 393611499
1 0 217352626 782572095
1 0 198619633 801467019
1 0 262654713 737300891
1 0 221499171 778429616
1 0 224730030 775175573
1 0 264832977 735232767
1 0 235222952 764800485
1 1 683000757 316935960
1 0 231924753 768108994
1 0 266161489 733896532
1 1 641902905 358168594
1 0 257197339 742791962
1 1 600874215 399101139
1 1 697883740 302142587
1 0 261563504 738380330
1 1 578762613 421144924
1 1 550818682 449193862
1 0 313768499 686322140
1 1 548832298 451259016
1 0 287995805 711945671
1 1 505480090 494439185
1 1 496526606 503533265
1 0 269233618 730801178
1 1 443608053 556308331
1 0 287404141 712663505
1 1 450798627 549184991
1 0 272191341 727826823
1 0 283443057 716470433
1 0 276030179 723940798
1 0 354189703 645832674
1 0 316570831 683447681
1 0 350868328 649213011
1 0 375883349 624160738
1 0 365805072 634230427
1 0 422249501 577834839
1 0 435081547 564997478
1 0 552103040 447797880
1 0 532042810 467872050
1 0 505559783 494525562
1 1 458877762 541137370
1 0 529627997 470280150
1 1 529657773 470317147
1 0 479592941 520468950
1 0 467086867 532909578
1 1 485441709 514647813
1 1 515926547 484029515
1 0 428374656 571632897
1 1 389468388 610537743
1 1 436193537 563796467
1 1 345197358 654780475
1 1 314229002 685731076
1 0 606062088 393950324
1 1 378677180 621246291
1 1 362533812 637526198
1 1 372286241 627687484
1 1 304694232 695282594
1 0 588142602 411942986
1 1 431201202 568814133
1 1 427480035 572479503
1 0 552926360 447046516
1 0 554532071 445497829
1 0 655433486 344513921
1 1 230811737 769156733
1 0 621054489 378999914
1 0 639271767 360640143
1 0 616742248 383248707
1 0 629173068 370792237
1 0 623614280 376424127
1 0 737672018 262332608
1 0 767237169 232678987
1 1 291999357 708071428
1 1 222928846 777151694
1 0 692506469 307403663
1 0 800843099 199152508
1 0 741197597 258751494
1 1 283175819 716767577
1 0 735169256 264821233
1 0 666493398 333456449
1 0 796548931 203352035
1 1 302477525 697542218
1 0 812604512 187384208
1 0 865018224 134951495
1 0 814605068 185298768
1 0 845793628 154288775
1 0 821310383 178743150
1 1 197322599 802582035
1 1 210745922 789349406
1 1 205706245 794351496
1 1 213826184 786201877
1 1 268997773 731079713
1 1 166216792 833856784
1 1 190964699 808967618
1 0 824561748 175535594
1 1 190399423 809641082
1 0 836083175 163988498
1 1 194851001 805083897
1 1 189072529 810983395
1 0 873261573 126804770
1 1 183385392 816562302
1 1 165153546 834761705
1 1 187279100 812731308
1 0 888655159 111440986
1 1 89958691 910083780
1 1 94434262 905523509
1 1 129292989 870629882
1 1 106662312 893387497
1 0 852320215 147768359
1 0 897158385 102830557
1 1 140886390 859141069
1 0 909075350 90961019
1 1 113589836 886399963
1 0 913344444 86745902
1 0 925364680 74683904
1 0 975527206 24461284
1 1 103327809 896729185
1 0 984646171 15292233
1 0 997404595 2607194
1 1 117328870 882665994
1 1 104431392 895507346
1 1 98009582 902081606
1 1 12399001 987686907
1 1 37679075 962381986
1 1 40966249 959066218
1 1 29599425 970404946
1 1 80646088 919377655
1 1 6010919 993962663
1 1 68314082 931738625
1 1 37347266 962725949
1 1 15589717 984334752
1 1 4458108 995583939
1 1 325888 999656299
1 1 206714625 319770208
1 1 380429928 156451812
1 1 201048730 377056738
1 1 959516765 85330125
0 1 959516765 85330125
0 1 201048730 377056738
1 1 947053639 254034033
0 1 947053639 254034033
0 1 380429928 156451812
1 1 866855260 493690384
0 1 866855260 493690384
0 1 206714625 319770208
1 0 832555170 167275154
1 0 599046286 400732335
1 1 587492180 412359948
1 0 504335414 495469843
1 0 131883379 867877744
1 0 765645309 234124291
1 0 943732270 56137770
1 1 728499037 271272324
1 1 901369830 98367494
1 0 849043197 150834436
0 0 131883379 867877744
1 0 254198069 745575601
1 1 876249694 123547739
1 1 691788922 446637066
1 0 42790459 992458382
1 0 28689007 283898295
0 0 28689007 283898295
1 1 150034911 230122781
1 0 41258844 481584957
1 0 541399485 142808425
0 0 541399485 142808425
0 0 41258844 481584957
0 1 150034911 230122781
0 0 42790459 992458382
0 1 691788922 446637066
1 0 517046242 482835443
1 0 374729599 625138136
1 1 446507505 553211119
1 1 206078030 793814078
1 1 57858477 941865101
1 1 915575696 84298885
1 1 228627269 771245636
1 1 200458170 799340620
1 1 5130575 994693702
1 0 255375732 744502531
1 1 723608107 276267073
1 1 754206293 245607551
1 0 377199080 622598197
1 1 885084682 114700565
1 1 448425354 264556412
1 1 190640075 953319549
1 1 700964059 881120752
1 0 774337746 980352860
0 0 774337746 980352860
1 1 928987110 802686285
1 0 211985121 969255662
0 0 211985121 969255662
0 1 928987110 802686285
0 1 700964059 881120752
0 1 190640075 953319549
0 1 448425354 264556412
1 0 180392919 819503475
1 1 694463653 305435690
0 0 180392919 819503475
1 1 247662189 752166407
1 1 798335514 201403671
1 1 149750403 849959571
1 1 444204802 555623454
1 0 1052808 998801649
1 1 859523766 140303072
1 1 920374181 79426739
1 0 242043816 757685523
1 1 917974678 81732806
1 1 566973052 432826352
1 1 411773638 588076596
1 1 155888267 843854243
1 1 41037042 958821168
1 0 975936008 23886372
1 0 634901583 364941841
1 0 928629003 71088141
0 1 228627269 771245636
1 0 536335519 463432951
1 0 610625607 389233856
1 1 248520534 901689649
1 1 120159230 893071664
1 1 213850881 439593557
0 1 213850881 439593557
0 1 120159230 893071664
1 1 202551150 165102753
0 1 202551150 165102753
1 1 298454426 313331880
0 1 298454426 313331880
1 1 689829950 975145987
0 1 689829950 975145987
0 1 248520534 901689649
1 0 59954434 939914687
1 0 152502609 847345015
0 1 57858477 941865101
1 0 18093394 981624084
0 0 943732270 56137770
1 0 990865052 8971379
0 0 255375732 744502531
1 0 568467884 431354435
1 0 718839033 281008838
0 1 917974678 81732806
1 0 885702612 114080921
0 0 990865052 8971379
1 0 37938880 961823160
1 1 550479798 449396453
0 1 149750403 849959571
1 1 674726931 484061225
1 0 194650428 246494732
1 1 633196924 355623315
0 1 633196924 355623315
1 1 356103454 142281604
1 0 747353025 889413225
0 0 747353025 889413225
1 0 46608665 19116003
0 0 46608665 19116003
0 1 356103454 142281604
0 0 194650428 246494732
0 1 674726931 484061225
1 0 591760139 408029595
1 0 660914722 338956587
1 1 875080350 124668909
1 0 358965545 640812368
1 1 635033057 364792989
0 1 566973052 432826352
1 0 868554233 131147609
1 0 127112013 872720316
1 1 32542976 967227617
1 1 986692185 13115295
1 0 801650213 198238656
1 0 733016302 160664976
1 0 418258154 690668273
1 0 37856508 765711890
0 0 37856508 765711890
0 0 418258154 690668273
1 1 491506049 696884154
0 1 491506049 696884154
1 0 711851003 411959550
0 0 711851003 411959550
1 1 741364994 204824756
0 1 741364994 204824756
0 0 733016302 160664976
1 0 7583788 992255881
1 1 839748796 160129409
1 1 433454516 566393295
1 1 690182279 309704069
1 1 88605715 911218488
1 0 941361208 58427873
0 0 517046242 482835443
1 0 693102112 306638126
1 0 879972503 119814772
1 1 954586368 45231515
1 0 828406600 171408012
1 0 50589565 949309908
1 1 17499889 982398859
0 1 587492180 412359948
1 0 971980750 27774757
1 0 672557559 770373011
1 1 856450510 313205111
1 0 451173278 123633588
1 0 72766037 149174535
0 0 72766037 149174535
1 0 857243023 42629131
0 0 857243023 42629131
1 0 571860075 249736746
0 0 571860075 249736746
0 0 451173278 123633588
0 1 856450510 313205111
0 0 672557559 770373011
1 1 419647834 580104949
1 0 369393127 630495931
1 0 337600858 662279435
1 1 192465380 807433950
1 0 744237971 255529148
1 1 895675654 104216235
1 0 832765193 167104935
1 0 875798500 124025670
1 1 635287878 364534628
1 1 605413718 394339177
1 0 894903670 104876955
1 1 11602768 988249613
0 0 928629003 71088141
1 1 15936901 556571013
1 1 8091502 968372837
1 1 513363568 987354670
1 1 823469722 633326876
1 0 613593357 398285047
0 0 613593357 398285047
1 0 169788872 308212862
0 0 169788872 308212862
0 1 823469722 633326876
0 1 513363568 987354670
0 1 8091502 968372837
0 1 15936901 556571013
1 0 377003415 622829132
0 0 50589565 949309908
1 1 210072422 789671948
0 0 693102112 306638126
0 0 875798500 124025670
1 0 367235912 632624143
1 0 718395793 281445676
1 0 896676851 103097308
1 1 520997273 478822338
1 1 348662261 651236659
1 0 256617634 743151192
1 0 979414068 20445461
1 0 343328963 656431670
0 1 839748796 160129409
1 0 344679752 655189901
1 1 3784270 996059114
1 1 212640337 1591944
1 0 512897167 30481697
1 1 354058503 662818531
0 1 354058503 662818531
1 0 323737560 209770591
0 0 323737560 209770591
1 1 746973290 516445725
0 1 746973290 516445725
0 0 512897167 30481697
1 1 117109131 509214571
0 1 117109131 509214571
0 1 212640337 1591944
1 1 952466197 47301527
1 0 115242794 884471625
0 0 828406600 171408012
1 1 422115612 577764692
1 1 54341068 945454692
1 1 72335097 927443265
0 0 634901583 364941841
1 0 625402015 374318376
0 1 605413718 394339177
0 0 7583788 992255881
0 1 41037042 958821168
1 1 938319423 158587675
1 1 8260212 471622873
1 0 215517679 403014596
0 0 215517679 403014596
1 1 375155142 454408904
1 0 757052378 742875491
0 0 757052378 742875491
0 1 375155142 454408904
0 1 8260212 471622873
1 0 307725683 702822108
0 0 307725683 702822108
0 1 938319423 158587675
1 1 795261641 204574077
1 0 334916624 664945564
1 0 267003736 732776790
1 0 787374862 212331774
1 1 805584041 194144353
1 0 182898762 816969771
1 0 563446094 436447905
0 0 1052808 998801649
0 1 54341068 945454692
1 1 547133385 452613683
0 1 859523766 140303072
1 1 241466353 758262623
0 1 348662261 651236659
0 0 979414068 20445461
1 0 934737458 64999006
1 1 962926675 512044210
1 1 288511814 375999460
1 0 985823747 509637951
1 1 100089995 892001547
1 0 523157029 211057928
0 0 523157029 211057928
0 1 100089995 892001547
1 1 410314294 837230000
0 1 410314294 837230000
0 0 985823747 509637951
0 1 288511814 375999460
0 1 962926675 512044210
1 1 245073447 754710237
1 1 33378254 966375481
1 0 493380351 506386245
0 0 563446094 436447905
0 0 343328963 656431670
1 1 214104222 785611673
1 1 822689973 177146019
1 0 753018754 246850023
1 1 24089435 975715458
1 0 437947647 561905263
0 0 367235912 632624143
1 0 656196084 343600035
0 0 599046286 400732335
0 1 245073447 754710237
1 1 361200074 638530917
1 0 444732513 555046499
1 0 801932666 716139923
1 1 496762896 100222305
1 0 730667291 734549990
1 0 983145577 433934798
1 0 539180135 683626270
1 0 142888459 519037212
0 0 142888459 519037212
0 0 539180135 683626270
0 0 983145577 433934798
0 0 730667291 734549990
0 1 496762896 100222305
0 0 801932666 716139923
0 1 876249694 123547739
1 0 352696397 647110152
0 1 444204802 555623454
1 1 962461939 37355432
0 0 753018754 246850023
0 1 728499037 271272324
1 0 914139930 85730228
1 1 666614268 333113840
1 0 653871575 345836863
1 0 450056590 549769546
0 0 653871575 345836863
0 1 635287878 364534628
0 1 666614268 333113840
1 1 425198058 574564381
1 1 223471683 776395445
1 0 340858410 658941732
0 1 754206293 245607551
0 1 547133385 452613683
1 0 406598478 593274242
1 0 961996126 37753157
1 1 213133633 328550607
1 0 362875688 401965704
1 1 424956716 960029617
0 1 424956716 960029617
0 0 362875688 401965704
1 0 955295916 980503479
1 0 790016766 417120119
1 0 763402024 158902521
0 0 763402024 158902521
0 0 790016766 417120119
0 0 955295916 980503479
0 1 213133633 328550607
1 1 791418759 208321493
1 1 708910079 290900011
1 0 505788149 493995268
0 0 568467884 431354435
1 0 293468557 706255981
0 1 795261641 204574077
1 0 54568470 945274203
0 0 493380351 506386245
1 0 496867617 502886605
0 1 433454516 566393295
1 1 490693392 509011039
1 0 762844496 236903556
1 1 16644235 983083405
1 1 218702151 781185343
1 0 548677094 451040074
1 1 562345474 881828424
1 0 17677628 190589695
1 0 505002827 377738309
1 1 150817995 994791318
1 1 325263736 996348024
0 1 325263736 996348024
0 1 150817995 994791318
1 1 31915704 600687914
0 1 31915704 600687914
0 0 505002827 377738309
0 0 17677628 190589695
0 1 562345474 881828424
1 0 798025482 201831392
1 0 890397173 109390770
0 0 496867617 502886605
0 0 115242794 884471625
0 1 822689973 177146019
1 0 270954325 728837079
1 1 407027173 592739725
1 1 445447395 554434243
1 0 165158389 834668233
1 1 298149852 701561951
0 1 425198058 574564381
0 0 762844496 236903556
0 0 358965545 640812368
1 1 886737914 113075158
0 1 298149852 701561951
1 1 795311352 204451105
0 1 407027173 592739725
1 0 213324529 786468600
1 0 722608019 277205714
1 1 676791337 879547695
1 0 251437871 966462621
1 0 765433940 939782296
1 1 728586577 306811433
0 1 728586577 306811433
0 0 765433940 939782296
1 0 457257121 646752409
1 0 156480338 755090286
0 0 156480338 755090286
0 0 457257121 646752409
0 0 251437871 966462621
0 1 676791337 879547695
0 0 801650213 198238656
0 0 890397173 109390770
0 0 369393127 630495931
0 0 656196084 343600035
0 0 352696397 647110152
0 0 182898762 816969771
1 0 897851716 101865415
1 0 158567440 841174836
0 0 158567440 841174836
1 0 435392528 564490098
0 1 445447395 554434243
0 0 787374862 212331774
0 0 610625607 389233856
0 1 24089435 975715458
0 1 885084682 114700565
0 1 520997273 478822338
1 1 939338865 60501293
0 0 897851716 101865415
0 0 798025482 201831392
0 0 505788149 493995268
0 0 722608019 277205714
0 1 72335097 927443265
0 0 548677094 451040074
1 0 827364151 172381734
0 0 827364151 172381734
