4101
4237
4310
4310
4492
4480
4497
4530
4516
4381
4381
4671
4600
4564
4522
4554
4540
4555
4705
4597
4665
4706
4957
5031
5068
5000
4982
5044
5025
4973
4920
4940
4955
4978
4952
4904
4907
4900
4900
4544
4486
4448
4468
4488
4480
4479
4492
4663
4663
4679
4700
4652
4646
4558
4595
4588
4557
4667
4682
4600
4555
4612
4583
4584
4613
4628
4628
4678
4699
4624
4543
4543
4471
4503
4458
4384
4392
4383
4504
4531
4504
4504
4308
4572
4534
4525
4553
4568
4574
4638
4702
4646
4672
4595
4595
4634
4434
4434
4364
4373
