100 100
0 90
0 74
0 57
0 68
0 91
0 98
0 83
0 41
0 32
0 47
1 4
0 50
0 67
0 40
0 80
0 97
0 9
0 14
0 81
1 1
0 58
0 19
0 11
0 40
0 91
0 70
0 81
0 7
0 60
0 16
0 29
0 77
0 76
0 69
0 46
0 6
0 89
1 2
0 60
1 2
0 62
1 5
0 68
0 69
0 42
0 55
0 97
0 75
0 1
0 4
0 32
0 84
0 85
0 58
0 67
0 13
0 43
0 36
0 54
0 85
0 49
0 80
0 6
0 84
0 59
0 96
0 46
0 25
0 94
0 96
0 68
0 7
0 6
0 26
0 17
1 5
0 45
0 6
0 84
0 25
0 51
1 2
0 65
0 66
0 59
0 76
0 96
0 10
0 83
0 49
0 1
0 84
0 80
0 77
0 49
0 99
0 1
0 87
0 50
0 26
2 0 91
76 0 12
91 0 74
34 0 16
40 0 85
74 0 14
29 0 77
22 0 52
89 0 69
23 1 3
80 0 39
42 0 21
32 0 6
65 0 23
13 0 25
99 0 82
62 0 66
3 0 72
23 0 26
100 1 1
17 0 77
90 0 90
11 0 48
32 0 80
74 0 51
32 0 12
14 0 22
63 0 68
40 0 66
52 0 32
59 0 1
15 0 100
33 0 91
89 0 92
11 0 22
16 0 49
89 0 95
92 0 77
80 0 12
86 1 5
90 0 32
8 0 3
65 0 43
30 0 36
47 0 89
48 0 74
30 0 49
38 0 76
19 0 60
22 0 68
36 0 27
44 0 21
69 0 88
5 0 3
57 0 80
43 0 61
26 0 39
20 0 50
29 0 92
1 0 8
57 0 35
36 0 84
89 0 66
62 0 67
39 0 89
43 0 76
86 1 5
32 0 62
61 0 70
36 0 9
6 0 17
81 0 92
87 0 24
87 0 56
38 0 31
82 1 5
39 0 97
56 0 4
100 0 39
35 0 73
30 0 22
85 0 90
16 1 3
86 0 14
93 0 42
3 0 63
28 0 35
76 0 27
62 0 73
34 0 80
56 0 68
22 0 12
100 0 65
29 0 15
15 0 88
75 0 56
51 1 4
15 0 7
35 0 3
97 0 10
