627895815033
627895815033
627400182922
627475130398
627644326699
627644326699
627603771130
627511880950
627511880950
626881462470
626999820238
626999820238
626592111312
626602562761
626931629652
626801095524
626801095524
626962150231
626461308644
627109880458
627109880458
627467367846
627467367846
627372336167
627234689999
627234689999
627282824250
627195145694
627327043223
627282267573
627438304195
627438304195
627438304195
627402966574
627401512617
627401512617
627401512617
627401512617
627585459834
627585459834
628288774077
628338473505
628338473505
628338473505
628381399542
627992730272
627807627863
627882645243
628408784197
628460342890
628460342890
628460342890
628171538692
628684682985
628684682985
628684682985
628998290710
628998290710
629085611088
629085611088
629279250307
629274924668
629755040995
629767770075
630472926431
630472926431
630472926431
629861521898
629861521898
629861521898
629866279646
630002054819
629874269430
629879993333
629980418171
629980418171
629980418171
629806318729
629901350408
629949539731
630354984179
630462343657
630360163741
630360163741
630179205468
630179205468
629614474885
629419694066
628968983902
628906986570
628906986570
628906986570
628868749781
629045685687
628973900828
628973900828
628973900828
628982488958
628982488958
628982488958
628792121538
629130179441
629130179441
629130179441
628659603946
628626105901
628626105901
628626105901
629373084332
629373084332
629373084332
629184112764
629148756202
628881075961
629170956807
629170956807
629170956807
628821413407
628801465515
629029947704
629216820516
629216820516
629216820516
629535125091
629051406035
628179293180
628391353632
628391353632
628559549353
628559549353
628559549353
628559549353
628713587321
629217943821
629447421594
629727775554
629390449480
629571407753
629571407753
629570002834
629570002834
629570002834
629601366097
629637149609
629637149609
629637149609
629478383930
629610527635
629469521409
629366437548
629307431520
629762136042
630028011359
629884907486
629936612409
629983187071
630196501181
629788552254
629788552254
629930059767
629900892942
629900892942
629746135176
629310449696
629669619720
629490720480
629775248450
629742002510
629933845501
629602860144
629662675718
629800628818
629800628818
629800628818
629698978947
629930600437
629930600437
629912569400
629642947547
629829608563
630015624530
630015624530
630446199511
630130487735
630457070013
630847161142
630847161142
630518532154
630441926142
630493065213
630457027375
630457027375
630380460870
630077790001
630363497136
630363497136
630282116484
630509995654
630092292289
630092292289
629867054285
630075424317
630517854925
630395200991
630417081530
630062671190
630062671190
629984921146
629984921146
629664658176
629472461734
629472461734
629637906368
629637906368
630211277134
630211277134
630424512093
630605799893
630371245619
630371245619
630146707745
630159973083
630008149395
630008149395
630132374002
629724924447
629505506346
629089194759
628896034951
628896034951
628773525279
629195810372
629195810372
629047844247
629133450675
629445710482
629712143889
629712143889
629712143889
629392469195
629672059752
629650835431
629509252047
629392024463
629212380543
629580078937
628857526998
628334846039
628334846039
628929707999
628747044515
628747044515
628703468028
628703468028
628709486428
629064523646
629064523646
628850855043
629008365302
628962128587
628807241767
628807241767
629184106659
628657185240
628991005962
628989763736
628989763736
628836257476
628836257476
628306461138
628306461138
628350443531
628051769627
628129808153
628129808153
628149840304
627876151414
628100139051
628100139051
628100139051
628269298273
628285372940
628797235515
628797235515
628797235515
628797235515
628314602422
628298755238
628298755238
628505572621
628505572621
629088871539
629170522546
629437122989
629437122989
629584536890
629584536890
629763006106
629526416319
629526416319
629990185325
629990185325
629990185325
630108898623
630051241520
630051241520
630283844487
630064100917
630064100917
629899898079
629234903306
629670972091
629718088569
629718088569
629718088569
629754955848
629697529052
629515306073
629827469852
629820353516
630017864879
630053069022
630053069022
630289446012
630289446012
630640660023
631026394003
630839362635
630834084751
630834084751
630551471646
630741608717
631023172193
631315233806
631196473908
631196473908
631196473908
631468143038
631779211277
631756944724
632041897336
631915447054
631936736633
631952583817
631643058385
631643058385
631509683501
631509683501
631285014542
630992352361
630357346989
630623918776
630378425288
630378425288
630378425288
630888815611
630620556592
630416603175
630416603175
630416603175
630294651857
630423084903
630858780354
630858780354
630508807364
630736479669
630314500871
630314500871
629983639549
629983639549
630442727449
629553629129
629260210151
629465584904
629600908370
629175290931
629344822314
629344822314
629344822314
629344822314
629082972905
629082972905
629082972905
629411713147
629661799903
629592308424
629592308424
629117122753
629300417996
629830214334
629763085902
629763085902
629763085902
629017351009
628781816605
628656435405
628656435405
628656435405
628951304530
628694972659
628405018854
628405018854
628405018854
628936048753
629100615629
628444259757
628420402463
628420402463
628233214267
628464974528
628338487858
628338487858
628184275165
628463471218
628463471218
628463471218
628873378946
628748536979
628936223070
628936223070
629080101550
628740212210
629122731477
629122731477
629185768659
629185768659
629311936559
629353131862
629468623948
629429958158
630057440736
629901687708
629820814372
629796381266
629944875754
629944875754
629944875754
629680542582
629585663197
629648666190
629614973569
629614973569
629730021069
629730021069
629837120024
630289962669
630325915734
630325915734
629885261138
629885261138
630151149046
630237149243
630140761954
629541115508
629647081776
629492824879
630080202294
630668713184
630512179527
630512179527
630822004196
630211651541
630226915582
630877248854
630965026302
630977760824
630977760824
630533064392
630853891741
631018137939
631424564802
631908444193
631766860344
631908444193
631988000768
631988000768
632033587205
631838422496
631838422496
631838422496
631903051561
631397134702
631397134702
631217141917
631204755673
631156333556
631156333556
631594419624
631152090209
631052932350
631052932350
631052932350
631560712014
631560712014
631560712014
631752491583
631630551127
631423508102
631423508102
631423508102
630960992804
630960992804
630960992804
630960992804
630960992804
630698006935
630971085535
630785593295
630785593295
630785593295
631409298383
631629192805
631134037793
631134037793
631134037793
631134037793
631424218436
631120084205
631672972880
631569663673
631639345712
631938043705
631938043705
631708408166
631708408166
631451050651
631897278392
632255485569
632500189370
633052935038
633218292597
633392002796
633451854268
633263584469
632787843854
632787843854
632787843854
632787843854
632632344297
632632344297
632746971510
632391525143
632391525143
632360038838
632015920435
632253969855
632508936045
632649378369
632182981493
632146545160
632146545160
631490548107
631697475549
631697475549
631697475549
631697475549
631697475549
631430602639
631913077295
631905503702
631905503702
631950484248
631814332706
631650688291
631523113885
631806363749
632439486314
632439486314
632425039876
632475600116
632475600116
632475600116
632312081113
632362927305
632347679324
632347679324
632735877151
633130203007
632898434834
632898434834
633185010313
633185010313
633185010313
633185010313
632797311346
632966309875
633117796050
633188226135
632615324041
632615324041
632615324041
632868255301
632868255301
633161674279
633161674279
633161674279
633606349383
633505558024
633505558024
632665422108
632483886370
631908488630
632013155498
631456671824
631079426310
630982934908
630982934908
630779428534
630779428534
631148764623
631148764623
631340135784
631747277536
631747277536
631566884195
631566884195
631920139752
632322580871
632399232875
632399232875
632399232875
632399232875
632399232875
632399232875
632275969688
632275969688
632275969688
632275969688
631922079008
631950783907
632074311549
631749489636
631867964955
631669249765
631669249765
631640510201
631640510201
631640510201
631640510201
631704806584
631717676215
631890080849
631952388507
631810781886
631618863425
631220656177
630948043466
631122853335
631122853335
630880440027
630791430483
630808416318
630808416318
630860861833
630860861833
630966236119
631089072634
631089072634
631089072634
630955049898
630955049898
631045486058
631610216641
631610216641
631610216641
631390874688
631390874688
631148537777
630874177439
631146555624
630884397707
630884397707
631153287902
631370067141
631275432625
631281798961
631281798961
631281798961
631471761533
631471761533
631471761533
631555677701
631606754604
631606754604
631566960857
631258280774
630976072587
630976072587
630976072587
630609679859
630609679859
630622379091
630622379091
630597596257
630693701137
630914859964
630858275179
630795487145
630576708409
630511749772
630790732754
631011740009
630909204652
630803087474
630957571684
630714389486
630625398777
630612093683
630405855952
630343531794
630348809678
630054971102
630054971102
629827604858
629994204425
629930309521
629930309521
630490804168
630490804168
630355593400
630528571457
630528571457
630383890071
630393563697
629649229893
629585306320
629585306320
629252433315
629325406882
629135941537
629539299082
630022480193
630022480193
630022480193
630022480193
630022480193
630022480193
630034373269
629596416865
629662230160
629689031101
629901154782
629778936381
629875252539
629726565251
629726565251
629568963333
629851471056
629851471056
629921932927
629921932927
629376106864
629260733529
629111293712
628541904160
629155378273
629516496770
629503315061
629440089471
629591736555
629591736555
629656718013
630030967453
630021409505
630021409505
629726699960
629726699960
629726699960
628939170412
629136095786
629136095786
628748978939
628616980278
628719095576
628701181623
628694404476
628964872484
628964872484
628413119506
628321491360
628099594107
627832549026
627912324272
627206770463
627206770463
627206770463
627130110442
627035261686
626559187520
626677187799
626462593217
626484859770
626484859770
626131638917
626395211983
626511602570
626511602570
627027168704
627310875041
627355408007
627798755768
627798755768
627798755768
627798755768
627495339016
627495339016
627304464852
627097201236
627001987490
627222466077
627362945279
626542906107
626542906107
626539353434
626732285382
626732285382
626313026614
626307279011
626474399379
626295145852
625850205626
625850205626
625850205626
625476660213
625324894159
625324894159
625324894159
625324894159
625324894159
625682984958
625832235712
625784015415
625884101027
625884101027
625884101027
625894645876
625909334686
625573410902
625573410902
625534455264
625048777208
625048777208
625186391941
625450370473
625395310153
624633729463
624574687374
624574687374
624759624991
625112348255
624897857263
624465600468
624509176955
624747141903
624747141903
624469759919
624186736357
623940429343
623988929493
623700476756
623700476756
623927843000
623741885204
623853839992
623551847455
623512772574
623937721620
623829287328
623332159822
623454569321
623351645041
623229860844
623185983292
623185983292
623470579919
623470579919
623470579919
623470579919
623470579919
623256369793
622695476733
622519508417
622451799893
622451799893
622578100364
622578100364
622334814763
622702508411
622702508411
622702508411
622561842304
622561842304
622319944581
622319944581
622381200229
622381200229
622401813292
622869848505
622869848505
622980843399
622253488451
622173856900
622173856900
622171278157
622171278157
622171278157
622171278157
621645040528
621645040528
621838010125
622063831796
621885315401
621503073520
621503073520
621090578678
620775938337
620775938337
620775938337
621095083912
621095083912
620954568264
620991846152
621536287103
621314967477
621338110422
621308543865
621429874717
621429874717
621429874717
622195803052
622065396279
622129059105
622260878528
621699283036
621699283036
621933245288
621919318120
622253434389
622253434389
622253434389
622483798581
622483798581
622633875915
622633875915
622557984231
622123574371
622328119812
622328405991
622328405991
622378959671
622050677536
622043931196
622515021547
622833852786
622833852786
622833852786
622833852786
622761308697
622761308697
622761308697
622615552980
622504415698
622504415698
622833044686
622833044686
622556123434
622767980460
622633051455
622613668404
622613668404
623140589823
623140589823
623560677363
623227000199
623490729911
623291243879
623531897273
623059189100
622736922195
622736922195
623011996875
623011996875
623011996875
623011996875
623064498135
623471138111
623312082071
623328022098
623307840489
623015620601
623015620601
622690358818
622690358818
622327963140
622584851754
622952248405
622952248405
622696538696
622732576534
622732576534
622732576534
621922155346
621651405914
621651405914
621675589660
621756970312
621742311219
621742311219
621742311219
622017369071
622017369071
622051337062
622713726055
622288556828
622288556828
622596380346
621708978971
622015421082
621984548166
622208355819
622208355819
622469036683
622469036683
622469036683
622469036683
622469036683
622515630061
622515630061
622515630061
622252217643
621917117412
621917117412
621424541551
621454505417
622035010108
622801531947
623075892285
623075892285
623075892285
622782172413
622782172413
622837232733
622838553187
622863353437
622856599744
622856599744
622856599744
623062758319
623805435084
623728040642
623728040642
623633146549
623633146549
623540183688
623541425914
623816408674
623931371578
623955228872
624026504878
623914256145
624185005577
624185005577
624224787230
624224787230
624816542127
624624219541
624436456190
624583152873
624672349756
624672349756
624568352082
624572359693
624572359693
624572359693
624572359693
624572359693
625254761572
625254761572
624944802387
624813679975
624818197383
624901544616
624641200795
624641200795
624812106067
625048695854
625294474540
625269213428
624923501624
625419527058
625419527058
625419527058
625178320185
625178320185
625037720218
625091951499
625012437887
625074608876
624957020014
625180559660
625053456498
625053456498
625425581385
625316901626
625316901626
625316901626
625346450891
625525081042
625451915479
625451915479
625979760737
625836337587
626363425101
626261519826
626471661190
626176243750
626176243750
626176243750
626176243750
626176243750
626406477866
626406477866
626406477866
626727769629
627115102816
626540451613
626516884439
626516884439
626139992162
626139992162
626458014393
626849867518
626849867518
626464454237
626396220045
625883200724
625822876854
625275584039
625275584039
625585730928
625437720589
625163707208
625163707208
624728050406
624728050406
624800866599
625191038975
625985945572
625696490233
626406526573
626133757109
626306330071
626310723531
626339177181
626336664194
626336664194
626242960032
626071154817
625797163222
625797163222
625869835111
626005580696
625567993851
625884212764
625884212764
625890959104
626133825211
626133825211
626133825211
626144269730
626144269730
626144269730
626824612739
626983863455
626886663875
626249767524
626349794525
626378997153
626175336886
626319118246
626052030419
626052030419
626380761942
626380761942
626119307993
626119307993
626119307993
626556388998
626556388998
626608640267
626608640267
626608640267
626430280364
626567202644
626729257115
626729257115
626920646865
627158458387
627392211690
627563851330
627563851330
627569675816
627569675816
627309643792
627309643792
626688132101
626374044939
626374044939
626374044939
626554883531
626554883531
627182893717
627182893717
627022924530
627022924530
627399149013
627399149013
626913001165
627357407742
627498279148
627498279148
627097566252
627125011561
627125011561
627173158059
627173158059
627113516341
627113516341
627354206311
627354206311
627418859376
627365751608
627365751608
627365751608
627164704047
627164704047
627125729727
627415580771
627415580771
627668933710
627375835391
627312258224
627397357965
627364514542
628002505318
627728127001
627459336700
627666473759
627508241945
627227730839
626936107530
627408248567
627248599419
627248599419
627248599419
627224859209
627210170484
627088738745
627810675599
627810675599
628188899734
628077963104
628506637256
628688640052
629004334162
629026305326
629026305326
628797865723
628548936563
628257340398
628155518412
627995026763
628109207918
628108508602
628108508602
628343719146
628131901851
627798223939
627497472862
627010242276
627028888358
626749500365
626892923515
627479724083
627193023124
627193023124
627207980348
626676904789
626496593261
626351389657
626351389657
626186087124
625946785366
625946785366
625924970165
625924970165
625900579509
625777840001
625559262105
625545681980
625545681980
625545681980
625820060297
626176031985
626078111725
626078111725
626078111725
626202510902
626755869385
626755869385
626215010938
626215010938
626215010938
626412453948
626412453948
626337171202
626337171202
626337171202
626376584210
626626499824
626626499824
626626499824
626774791882
626774791882
626640944824
626640944824
626965139144
626885496416
627084264529
626998265910
626685409036
626998568089
626884117087
627011691493
627011691493
627577287264
627586137255
627312247710
627312247710
627104461339
627104461339
626798142427
626884057490
626684020898
626684020898
626390953837
626576321297
626576321297
626546154664
626546154664
626655225514
626636368350
626636368350
626815576782
626815576782
626574248942
626210891475
625839014564
625340349436
625385747381
625385747381
625385747381
625385747381
625385747381
625615411462
625725082132
625610135395
624880271627
624880271627
625213623046
625614574942
625536738805
625536738805
625536738805
625286210710
625385368569
624878351748
624648570480
624648570480
624856356851
624234057759
623765084164
623765084164
623771131064
623869051324
623869051324
623869051324
623869051324
623869051324
624247375018
624079937905
624344494500
624068909155
623749701361
623762010732
624078294797
624078294797
624150079656
624150079656
624150079656
624425665001
624425665001
624736710585
624736710585
624736710585
624388152416
624522825808
624522825808
624901752209
624947603556
624860338276
624691307311
624997313764
624997313764
624781917367
624383437204
624786501681
624457083870
624457083870
624759591387
624998893145
624998893145
624998893145
624936403963
624567918274
623895573594
623835964850
623835964850
623835964850
623997436433
624355891554
624004995073
624004995073
624094350615
624215782354
623812615597
623571967063
623571967063
623519380196
623500923058
623369871400
623450318702
624096904259
624096904259
624049868317
624049868317
624049868317
623969905182
624402966124
624740998204
625357013608
624778317753
624778317753
624778317753
624778317753
624578207653
624578207653
624578207653
624578207653
624691287264
624673852430
625279339754
625395058829
625976889990
626042356790
626042356790
625950234758
625939529201
625939529201
625939529201
625939529201
625960919567
625997161272
626031434917
625713796136
625691603371
625903420666
625964530965
626118576888
625516199017
625516199017
625593903319
626073163578
625612209876
625841777835
626143457882
626143457882
626106903379
626453588624
626453588624
626754542065
626996527919
626910157571
626992152155
626813164729
626620872460
626627635492
627065758009
627065758009
627678315130
628356718988
628356718988
628356718988
627470261621
627721637998
627721637998
627721637998
627326160477
627326160477
627326160477
627772063307
627772063307
627510679951
627745983685
627860493089
627860493089
628168576775
627727360893
627731648863
627350800504
627492453745
627492453745
627434279918
627434279918
627331764451
627331764451
627734501638
627900283903
627804088939
628300705407
628300705407
628276693673
628165792547
627580858589
627580858589
627846567774
628345418818
628359865256
628359865256
628359865256
628359865256
628826213856
628848007910
628469127086
628469127086
628170075435
628170075435
628170075435
628432611319
628432611319
628626356085
628441612518
628417784039
628432108684
628578339266
628413583584
627979125970
628404295197
628816018634
628494475967
628356263938
628356263938
628356263938
628356263938
628356263938
628349634138
628349634138
628147967446
628025628083
628025628083
628527383185
628785582985
628947029769
629269424734
629938497382
629602591323
629828811720
629340295362
629198351863
629535268957
629535268957
628817427477
628301705078
628066621865
628001234209
628001234209
627802360942
627848597657
627985735532
627459501328
627366065306
627579930339
628036008196
628304427772
628186403324
628186403324
628483917736
628483917736
628490450820
628742786935
628742786935
628742786935
628742786935
628435329489
628437511231
628783456621
628630550935
628820130092
629076332080
629130772353
628908660040
628908660040
628553159769
628447310350
628430758159
628240248177
628861475632
628855208667
629162835757
629201772430
628709025367
628471358252
628471358252
628477299818
628639856737
628639856737
628639856737
628694382111
629001839557
629097394081
629313544120
629313544120
629385504966
629385504966
629156439744
628863693224
628577602664
628577602664
628577602664
628784866280
628784866280
628960233513
628960716368
629168035536
629168035536
629236200545
629008028472
629381747403
628725347233
629042817784
628881723162
629206318873
628992847537
628992847537
629104361226
628903196535
628903196535
628748389462
628935577658
628935577658
628717238567
628548037438
628548037438
628548037438
628548037438
628548037438
628661394060
628813528401
628813528401
627966574940
627966574940
627853328675
627553811647
626774555099
626515809345
626515809345
626515809345
626515809345
626710112625
626709849184
626709849184
626890376612
627606294821
627606294821
627606294821
627067359273
626827427492
626719095180
626719095180
627103386199
627103386199
626989988013
626989988013
626507492845
626507492845
626805480249
626893865078
626427251249
626341823318
626989779553
626795526168
626623664262
626623664262
626647675996
626534790979
626663275192
626663275192
626663275192
626315140601
626020373511
626020373511
625996219777
625628184535
626015301382
626015301382
626255792110
626420652676
626870750421
626834673298
627061970178
627061970178
627422095596
627422095596
627532651194
627092548500
627334181134
627996964340
627996964340
627819123466
627618317849
627618317849
627725515444
627866223785
627866223785
627704093222
627704093222
627960856481
627887413413
628134368652
628451176183
627982564293
627894215374
628037315693
628193981864
627741364317
627590239628
628312962740
628413813030
628413813030
628505792498
628311195575
628311195575
628529974311
628529974311
628529974311
628229782548
627616702430
627616702430
627748048738
627625679647
627406286315
627520650822
627682883741
627682883741
627705295973
627705295973
627705295973
627705295973
627541492198
627524625684
627524625684
627648136684
627648136684
627648136684
627648136684
627529742370
627529742370
627402793488
627391247140
627166676013
627345663439
627084050528
626659195774
626596250786
626596250786
627141727751
627072271481
627080751870
626717202111
626717202111
627069599983
627336645064
626612204237
626080393790
626282448067
626630306173
626737062475
626212215982
626509904772
625944948729
626138774704
626574599272
626509654207
626573721291
626574403315
625997275989
625565867897
626087545623
625952459341
626452460967
626452460967
626039691371
625701409491
625214403969
625214403969
624878093248
624973605627
624709391638
624709391638
624781155032
624417578734
624417578734
624432167742
624336561047
624447824161
625035930582
625100683380
625181092464
625368062552
625368062552
625934391661
626249293423
626249293423
626664999256
626687646869
626687646869
626687646869
626868040210
626269445644
626180633810
626203816247
626203816247
626203816247
626468149419
626291135270
626442979204
626442979204
626442979204
626693016739
626676791285
626676791285
626837282934
626837282934
626837282934
626324927370
626324927370
626371635018
626371635018
626371635018
626371635018
626359781903
626046326930
626046326930
626401773297
626123082719
625528429454
625431529738
624700767438
624846774207
624505902037
624536463975
624812338719
624842897002
625188436127
624870883647
624870883647
625029547400
625011572928
624811548136
625012595697
625012595697
624980044489
625078255213
625078255213
625078255213
625078255213
625283746174
625283746174
625283746174
625283746174
625283746174
625283746174
625483843130
625116908064
625267111633
625267111633
624948266505
625149102470
625494685039
625168529525
625249323629
625344694900
625237803199
625097563289
625131394042
625798114528
625730871774
625583742733
626197610299
626197610299
626316025175
625724903663
625931645952
625542208615
625457558921
625458886639
625048428875
624523574306
624279370183
624575420671
624419168736
624419168736
624716904488
625080480786
625190682540
625511933947
625511933947
625688918494
625688918494
625648299651
625648299651
625426281718
625239398753
624785948988
624576677236
624013366150
624181555293
624748887160
624533393528
624533393528
624720966751
625052915533
625447417052
625126323721
625126323721
625667040608
626322553416
626855591668
627104276331
626735197486
626735197486
626762698121
626641852620
626397217996
626397217996
626397217996
626017444720
625986795507
625978675587
625465415134
625611934647
625609356744
626274215187
626620871123
626572787740
626567409242
626430295476
627032515335
627032515335
627032515335
626865706471
626865706471
626261902917
626261902917
626312056088
626312056088
626060179812
626060179812
625881461597
625681806092
625681806092
625708729758
625708729758
626426425160
626289297550
626321590519
626398984961
626133410338
626133410338
625926600872
625872956208
626448548434
626596514559
626596514559
626596514559
626053303237
626092042667
626092042667
626092042667
626092042667
